2 3 4 5 6 7|1 14 1351 1 11 1627	1
2 3 4 5 6 7|1 16 421 4 63 6359	1
2 3 4 5 6 7|1 17 1627 3 46 4288	1
2 3 4 5 6 7|1 18 256 1 12 267	1
2 3 4 5 6 7|1 2 220 1 7 753	1
2 3 4 5 6 7|1 20 584 2 27 2207	1
2 3 4 5 6 7|1 21 1398 2 37 3872	1
2 3 4 5 6 7|1 21 403 2 32 2121	1
2 3 4 5 6 7|1 27 1077 3 41 4540	1
2 3 4 5 6 7|1 28 782 2 24 2625	1
2 3 4 5 6 7|1 3 224 2 22 3192	1
2 3 4 5 6 7|1 30 92 3 46 4743	1
2 3 4 5 6 7|1 31 1676 1 19 678	1
2 3 4 5 6 7|1 32 1140 2 39 3786	1
2 3 4 5 6 7|1 33 1590 1 3 1074	1
2 3 4 5 6 7|1 35 1905 1 11 836	1
2 3 4 5 6 7|1 35 725 3 44 5526	1
2 3 4 5 6 7|1 36 1702 3 41 4186	1
2 3 4 5 6 7|1 37 1981 1 19 542	1
2 3 4 5 6 7|1 37 1986 2 37 3643	1
2 3 4 5 6 7|1 37 730 1 16 289	1
2 3 4 5 6 7|1 39 550 2 25 2810	1
2 3 4 5 6 7|1 4 427 2 26 3704	1
2 3 4 5 6 7|1 41 608 1 16 1277	1
2 3 4 5 6 7|1 42 1436 8 158 14260	1
2 3 4 5 6 7|1 42 631 5 92 9144	1
2 3 4 5 6 7|1 42 762 3 52 5436	1
2 3 4 5 6 7|1 43 287 1 17 484	1
2 3 4 5 6 7|1 46 700 3 54 4402	1
2 3 4 5 6 7|1 49 118 3 57 5601	1
2 3 4 5 6 7|1 5 1197 2 40 3918	1
2 3 4 5 6 7|1 5 314 3 53 5265	1
2 3 4 5 6 7|1 50 1960 3 50 5460	1
2 3 4 5 6 7|1 6 1432 1 4 376	1
2 3 4 5 6 7|1 6 1663 2 29 3149	1
2 3 4 5 6 7|1 7 26 3 58 4935	1
2 3 4 5 6 7|1 9 909 3 60 4995	1
2 3 4 5 6 7|2 51 2258 1 9 151	1
2 3 4 5 6 7|2 51 2266 3 43 5740	1
2 3 4 5 6 7|2 52 2091 1 13 603	1
2 3 4 5 6 7|2 52 2113 1 11 1790	1
2 3 4 5 6 7|2 52 2279 3 52 5236	1
2 3 4 5 6 7|2 52 2444 2 25 2043	1
2 3 4 5 6 7|2 52 2473 1 13 478	1
2 3 4 5 6 7|2 53 2002 3 48 4006	1
2 3 4 5 6 7|2 53 2080 2 40 3454	1
2 3 4 5 6 7|2 53 2397 2 26 3486	1
2 3 4 5 6 7|2 53 2422 3 50 5923	1
2 3 4 5 6 7|2 54 2107 3 42 5782	1
2 3 4 5 6 7|2 54 2234 2 28 2890	1
2 3 4 5 6 7|2 54 2422 3 43 5183	1
2 3 4 5 6 7|2 55 2054 2 23 3970	1
2 3 4 5 6 7|2 55 2188 2 32 3676	1
2 3 4 5 6 7|2 55 2198 2 33 3400	1
2 3 4 5 6 7|2 55 2203 2 31 3507	1
2 3 4 5 6 7|2 55 2290 1 14 1541	1
2 3 4 5 6 7|2 55 2317 3 56 4705	1
2 3 4 5 6 7|2 56 2195 3 46 5111	1
2 3 4 5 6 7|2 56 2270 1 2 221	1
2 3 4 5 6 7|2 56 2475 2 34 3961	1
2 3 4 5 6 7|2 57 2067 3 41 4811	1
2 3 4 5 6 7|2 57 2069 3 44 4099	1
2 3 4 5 6 7|2 57 2253 3 47 5485	1
2 3 4 5 6 7|2 57 2322 2 21 3018	1
2 3 4 5 6 7|2 58 2134 2 39 2653	1
2 3 4 5 6 7|2 58 2192 2 24 3365	1
2 3 4 5 6 7|2 58 2317 1 14 1780	1
2 3 4 5 6 7|2 58 2405 3 59 4028	1
2 3 4 5 6 7|2 58 2446 2 39 2263	1
2 3 4 5 6 7|2 58 2490 3 58 4215	1
2 3 4 5 6 7|2 59 2118 2 37 3000	1
2 3 4 5 6 7|2 59 2129 1 7 225	1
2 3 4 5 6 7|2 59 2164 3 51 5140	1
2 3 4 5 6 7|2 59 2444 2 35 3179	1
2 3 4 5 6 7|2 60 2211 3 52 4363	1
2 3 4 5 6 7|2 60 2215 2 25 2627	1
2 3 4 5 6 7|2 60 2446 2 35 2616	1
2 3 4 5 6 7|3 62 2905 2 28 3566	1
2 3 4 5 6 7|3 66 2781 3 47 5276	1
2 3 4 5 6 7|3 66 3679 1 14 1457	1
2 3 4 5 6 7|3 67 3364 6 117 10884	1
2 3 4 5 6 7|3 67 3668 8 141 15596	1
2 3 4 5 6 7|3 68 3122 3 50 5250	1
2 3 4 5 6 7|3 69 2607 2 24 3579	1
2 3 4 5 6 7|3 69 3020 3 53 5188	1
2 3 4 5 6 7|3 72 2923 10 190 18754	1
2 3 4 5 6 7|3 72 3151 3 57 4319	1
2 3 4 5 6 7|3 72 3707 1 4 1221	1
2 3 4 5 6 7|3 73 3617 1 10 607	1
2 3 4 5 6 7|3 76 3272 3 56 5037	1
2 3 4 5 6 7|3 84 2744 1 13 1265	1
2 3 4 5 6 7|3 85 3568 2 32 2905	1
2 3 4 5 6 7|3 89 3545 8 148 15154	1
2 3 4 5 6 7|3 91 2594 3 60 5470	1
2 3 4 5 6 7|3 91 3976 3 49 4853	1
2 3 4 5 6 7|3 93 3118 3 56 5251	1
2 3 4 5 6 7|3 93 3490 3 56 5098	1
2 3 4 5 6 7|3 94 3407 6 112 11602	1
2 3 4 5 6 7|3 95 3163 2 26 3596	1
2 3 4 5 6 7|3 97 3440 4 65 6320	1
2 3 4 5 6|1 14 1351 1 11	1
2 3 4 5 6|1 16 421 4 63	1
2 3 4 5 6|1 17 1627 3 46	1
2 3 4 5 6|1 18 256 1 12	1
2 3 4 5 6|1 2 220 1 7	1
2 3 4 5 6|1 20 584 2 27	1
2 3 4 5 6|1 21 1398 2 37	1
2 3 4 5 6|1 21 403 2 32	1
2 3 4 5 6|1 27 1077 3 41	1
2 3 4 5 6|1 28 782 2 24	1
2 3 4 5 6|1 3 224 2 22	1
2 3 4 5 6|1 30 92 3 46	1
2 3 4 5 6|1 31 1676 1 19	1
2 3 4 5 6|1 32 1140 2 39	1
2 3 4 5 6|1 33 1590 1 3	1
2 3 4 5 6|1 35 1905 1 11	1
2 3 4 5 6|1 35 725 3 44	1
2 3 4 5 6|1 36 1702 3 41	1
2 3 4 5 6|1 37 1981 1 19	1
2 3 4 5 6|1 37 1986 2 37	1
2 3 4 5 6|1 37 730 1 16	1
2 3 4 5 6|1 39 550 2 25	1
2 3 4 5 6|1 4 427 2 26	1
2 3 4 5 6|1 41 608 1 16	1
2 3 4 5 6|1 42 1436 8 158	1
2 3 4 5 6|1 42 631 5 92	1
2 3 4 5 6|1 42 762 3 52	1
2 3 4 5 6|1 43 287 1 17	1
2 3 4 5 6|1 46 700 3 54	1
2 3 4 5 6|1 49 118 3 57	1
2 3 4 5 6|1 5 1197 2 40	1
2 3 4 5 6|1 5 314 3 53	1
2 3 4 5 6|1 50 1960 3 50	1
2 3 4 5 6|1 6 1432 1 4	1
2 3 4 5 6|1 6 1663 2 29	1
2 3 4 5 6|1 7 26 3 58	1
2 3 4 5 6|1 9 909 3 60	1
2 3 4 5 6|2 51 2258 1 9	1
2 3 4 5 6|2 51 2266 3 43	1
2 3 4 5 6|2 52 2091 1 13	1
2 3 4 5 6|2 52 2113 1 11	1
2 3 4 5 6|2 52 2279 3 52	1
2 3 4 5 6|2 52 2444 2 25	1
2 3 4 5 6|2 52 2473 1 13	1
2 3 4 5 6|2 53 2002 3 48	1
2 3 4 5 6|2 53 2080 2 40	1
2 3 4 5 6|2 53 2397 2 26	1
2 3 4 5 6|2 53 2422 3 50	1
2 3 4 5 6|2 54 2107 3 42	1
2 3 4 5 6|2 54 2234 2 28	1
2 3 4 5 6|2 54 2422 3 43	1
2 3 4 5 6|2 55 2054 2 23	1
2 3 4 5 6|2 55 2188 2 32	1
2 3 4 5 6|2 55 2198 2 33	1
2 3 4 5 6|2 55 2203 2 31	1
2 3 4 5 6|2 55 2290 1 14	1
2 3 4 5 6|2 55 2317 3 56	1
2 3 4 5 6|2 56 2195 3 46	1
2 3 4 5 6|2 56 2270 1 2	1
2 3 4 5 6|2 56 2475 2 34	1
2 3 4 5 6|2 57 2067 3 41	1
2 3 4 5 6|2 57 2069 3 44	1
2 3 4 5 6|2 57 2253 3 47	1
2 3 4 5 6|2 57 2322 2 21	1
2 3 4 5 6|2 58 2134 2 39	1
2 3 4 5 6|2 58 2192 2 24	1
2 3 4 5 6|2 58 2317 1 14	1
2 3 4 5 6|2 58 2405 3 59	1
2 3 4 5 6|2 58 2446 2 39	1
2 3 4 5 6|2 58 2490 3 58	1
2 3 4 5 6|2 59 2118 2 37	1
2 3 4 5 6|2 59 2129 1 7	1
2 3 4 5 6|2 59 2164 3 51	1
2 3 4 5 6|2 59 2444 2 35	1
2 3 4 5 6|2 60 2211 3 52	1
2 3 4 5 6|2 60 2215 2 25	1
2 3 4 5 6|2 60 2446 2 35	1
2 3 4 5 6|3 62 2905 2 28	1
2 3 4 5 6|3 66 2781 3 47	1
2 3 4 5 6|3 66 3679 1 14	1
2 3 4 5 6|3 67 3364 6 117	1
2 3 4 5 6|3 67 3668 8 141	1
2 3 4 5 6|3 68 3122 3 50	1
2 3 4 5 6|3 69 2607 2 24	1
2 3 4 5 6|3 69 3020 3 53	1
2 3 4 5 6|3 72 2923 10 190	1
2 3 4 5 6|3 72 3151 3 57	1
2 3 4 5 6|3 72 3707 1 4	1
2 3 4 5 6|3 73 3617 1 10	1
2 3 4 5 6|3 76 3272 3 56	1
2 3 4 5 6|3 84 2744 1 13	1
2 3 4 5 6|3 85 3568 2 32	1
2 3 4 5 6|3 89 3545 8 148	1
2 3 4 5 6|3 91 2594 3 60	1
2 3 4 5 6|3 91 3976 3 49	1
2 3 4 5 6|3 93 3118 3 56	1
2 3 4 5 6|3 93 3490 3 56	1
2 3 4 5 6|3 94 3407 6 112	1
2 3 4 5 6|3 95 3163 2 26	1
2 3 4 5 6|3 97 3440 4 65	1
2 3 4 5|1 14 1351 1	1
2 3 4 5|1 16 421 4	1
2 3 4 5|1 17 1627 3	1
2 3 4 5|1 18 256 1	1
2 3 4 5|1 2 220 1	1
2 3 4 5|1 20 584 2	1
2 3 4 5|1 21 1398 2	1
2 3 4 5|1 21 403 2	1
2 3 4 5|1 27 1077 3	1
2 3 4 5|1 28 782 2	1
2 3 4 5|1 3 224 2	1
2 3 4 5|1 30 92 3	1
2 3 4 5|1 31 1676 1	1
2 3 4 5|1 32 1140 2	1
2 3 4 5|1 33 1590 1	1
2 3 4 5|1 35 1905 1	1
2 3 4 5|1 35 725 3	1
2 3 4 5|1 36 1702 3	1
2 3 4 5|1 37 1981 1	1
2 3 4 5|1 37 1986 2	1
2 3 4 5|1 37 730 1	1
2 3 4 5|1 39 550 2	1
2 3 4 5|1 4 427 2	1
2 3 4 5|1 41 608 1	1
2 3 4 5|1 42 1436 8	1
2 3 4 5|1 42 631 5	1
2 3 4 5|1 42 762 3	1
2 3 4 5|1 43 287 1	1
2 3 4 5|1 46 700 3	1
2 3 4 5|1 49 118 3	1
2 3 4 5|1 5 1197 2	1
2 3 4 5|1 5 314 3	1
2 3 4 5|1 50 1960 3	1
2 3 4 5|1 6 1432 1	1
2 3 4 5|1 6 1663 2	1
2 3 4 5|1 7 26 3	1
2 3 4 5|1 9 909 3	1
2 3 4 5|2 51 2258 1	1
2 3 4 5|2 51 2266 3	1
2 3 4 5|2 52 2091 1	1
2 3 4 5|2 52 2113 1	1
2 3 4 5|2 52 2279 3	1
2 3 4 5|2 52 2444 2	1
2 3 4 5|2 52 2473 1	1
2 3 4 5|2 53 2002 3	1
2 3 4 5|2 53 2080 2	1
2 3 4 5|2 53 2397 2	1
2 3 4 5|2 53 2422 3	1
2 3 4 5|2 54 2107 3	1
2 3 4 5|2 54 2234 2	1
2 3 4 5|2 54 2422 3	1
2 3 4 5|2 55 2054 2	1
2 3 4 5|2 55 2188 2	1
2 3 4 5|2 55 2198 2	1
2 3 4 5|2 55 2203 2	1
2 3 4 5|2 55 2290 1	1
2 3 4 5|2 55 2317 3	1
2 3 4 5|2 56 2195 3	1
2 3 4 5|2 56 2270 1	1
2 3 4 5|2 56 2475 2	1
2 3 4 5|2 57 2067 3	1
2 3 4 5|2 57 2069 3	1
2 3 4 5|2 57 2253 3	1
2 3 4 5|2 57 2322 2	1
2 3 4 5|2 58 2134 2	1
2 3 4 5|2 58 2192 2	1
2 3 4 5|2 58 2317 1	1
2 3 4 5|2 58 2405 3	1
2 3 4 5|2 58 2446 2	1
2 3 4 5|2 58 2490 3	1
2 3 4 5|2 59 2118 2	1
2 3 4 5|2 59 2129 1	1
2 3 4 5|2 59 2164 3	1
2 3 4 5|2 59 2444 2	1
2 3 4 5|2 60 2211 3	1
2 3 4 5|2 60 2215 2	1
2 3 4 5|2 60 2446 2	1
2 3 4 5|3 62 2905 2	1
2 3 4 5|3 66 2781 3	1
2 3 4 5|3 66 3679 1	1
2 3 4 5|3 67 3364 6	1
2 3 4 5|3 67 3668 8	1
2 3 4 5|3 68 3122 3	1
2 3 4 5|3 69 2607 2	1
2 3 4 5|3 69 3020 3	1
2 3 4 5|3 72 2923 10	1
2 3 4 5|3 72 3151 3	1
2 3 4 5|3 72 3707 1	1
2 3 4 5|3 73 3617 1	1
2 3 4 5|3 76 3272 3	1
2 3 4 5|3 84 2744 1	1
2 3 4 5|3 85 3568 2	1
2 3 4 5|3 89 3545 8	1
2 3 4 5|3 91 2594 3	1
2 3 4 5|3 91 3976 3	1
2 3 4 5|3 93 3118 3	1
2 3 4 5|3 93 3490 3	1
2 3 4 5|3 94 3407 6	1
2 3 4 5|3 95 3163 2	1
2 3 4 5|3 97 3440 4	1
2 3 4|1 14 1351	1
2 3 4|1 16 421	1
2 3 4|1 17 1627	1
2 3 4|1 18 256	1
2 3 4|1 2 220	1
2 3 4|1 20 584	1
2 3 4|1 21 1398	1
2 3 4|1 21 403	1
2 3 4|1 27 1077	1
2 3 4|1 28 782	1
2 3 4|1 3 224	1
2 3 4|1 30 92	1
2 3 4|1 31 1676	1
2 3 4|1 32 1140	1
2 3 4|1 33 1590	1
2 3 4|1 35 1905	1
2 3 4|1 35 725	1
2 3 4|1 36 1702	1
2 3 4|1 37 1981	1
2 3 4|1 37 1986	1
2 3 4|1 37 730	1
2 3 4|1 39 550	1
2 3 4|1 4 427	1
2 3 4|1 41 608	1
2 3 4|1 42 1436	1
2 3 4|1 42 631	1
2 3 4|1 42 762	1
2 3 4|1 43 287	1
2 3 4|1 46 700	1
2 3 4|1 49 118	1
2 3 4|1 5 1197	1
2 3 4|1 5 314	1
2 3 4|1 50 1960	1
2 3 4|1 6 1432	1
2 3 4|1 6 1663	1
2 3 4|1 7 26	1
2 3 4|1 9 909	1
2 3 4|2 51 2258	1
2 3 4|2 51 2266	1
2 3 4|2 52 2091	1
2 3 4|2 52 2113	1
2 3 4|2 52 2279	1
2 3 4|2 52 2444	1
2 3 4|2 52 2473	1
2 3 4|2 53 2002	1
2 3 4|2 53 2080	1
2 3 4|2 53 2397	1
2 3 4|2 53 2422	1
2 3 4|2 54 2107	1
2 3 4|2 54 2234	1
2 3 4|2 54 2422	1
2 3 4|2 55 2054	1
2 3 4|2 55 2188	1
2 3 4|2 55 2198	1
2 3 4|2 55 2203	1
2 3 4|2 55 2290	1
2 3 4|2 55 2317	1
2 3 4|2 56 2195	1
2 3 4|2 56 2270	1
2 3 4|2 56 2475	1
2 3 4|2 57 2067	1
2 3 4|2 57 2069	1
2 3 4|2 57 2253	1
2 3 4|2 57 2322	1
2 3 4|2 58 2134	1
2 3 4|2 58 2192	1
2 3 4|2 58 2317	1
2 3 4|2 58 2405	1
2 3 4|2 58 2446	1
2 3 4|2 58 2490	1
2 3 4|2 59 2118	1
2 3 4|2 59 2129	1
2 3 4|2 59 2164	1
2 3 4|2 59 2444	1
2 3 4|2 60 2211	1
2 3 4|2 60 2215	1
2 3 4|2 60 2446	1
2 3 4|3 62 2905	1
2 3 4|3 66 2781	1
2 3 4|3 66 3679	1
2 3 4|3 67 3364	1
2 3 4|3 67 3668	1
2 3 4|3 68 3122	1
2 3 4|3 69 2607	1
2 3 4|3 69 3020	1
2 3 4|3 72 2923	1
2 3 4|3 72 3151	1
2 3 4|3 72 3707	1
2 3 4|3 73 3617	1
2 3 4|3 76 3272	1
2 3 4|3 84 2744	1
2 3 4|3 85 3568	1
2 3 4|3 89 3545	1
2 3 4|3 91 2594	1
2 3 4|3 91 3976	1
2 3 4|3 93 3118	1
2 3 4|3 93 3490	1
2 3 4|3 94 3407	1
2 3 4|3 95 3163	1
2 3 4|3 97 3440	1
2 3 5 6 7|1 14 1 11 1627	1
2 3 5 6 7|1 16 4 63 6359	1
2 3 5 6 7|1 17 3 46 4288	1
2 3 5 6 7|1 18 1 12 267	1
2 3 5 6 7|1 2 1 7 753	1
2 3 5 6 7|1 20 2 27 2207	1
2 3 5 6 7|1 21 2 32 2121	1
2 3 5 6 7|1 21 2 37 3872	1
2 3 5 6 7|1 27 3 41 4540	1
2 3 5 6 7|1 28 2 24 2625	1
2 3 5 6 7|1 3 2 22 3192	1
2 3 5 6 7|1 30 3 46 4743	1
2 3 5 6 7|1 31 1 19 678	1
2 3 5 6 7|1 32 2 39 3786	1
2 3 5 6 7|1 33 1 3 1074	1
2 3 5 6 7|1 35 1 11 836	1
2 3 5 6 7|1 35 3 44 5526	1
2 3 5 6 7|1 36 3 41 4186	1
2 3 5 6 7|1 37 1 16 289	1
2 3 5 6 7|1 37 1 19 542	1
2 3 5 6 7|1 37 2 37 3643	1
2 3 5 6 7|1 39 2 25 2810	1
2 3 5 6 7|1 4 2 26 3704	1
2 3 5 6 7|1 41 1 16 1277	1
2 3 5 6 7|1 42 3 52 5436	1
2 3 5 6 7|1 42 5 92 9144	1
2 3 5 6 7|1 42 8 158 14260	1
2 3 5 6 7|1 43 1 17 484	1
2 3 5 6 7|1 46 3 54 4402	1
2 3 5 6 7|1 49 3 57 5601	1
2 3 5 6 7|1 5 2 40 3918	1
2 3 5 6 7|1 5 3 53 5265	1
2 3 5 6 7|1 50 3 50 5460	1
2 3 5 6 7|1 6 1 4 376	1
2 3 5 6 7|1 6 2 29 3149	1
2 3 5 6 7|1 7 3 58 4935	1
2 3 5 6 7|1 9 3 60 4995	1
2 3 5 6 7|2 51 1 9 151	1
2 3 5 6 7|2 51 3 43 5740	1
2 3 5 6 7|2 52 1 11 1790	1
2 3 5 6 7|2 52 1 13 478	1
2 3 5 6 7|2 52 1 13 603	1
2 3 5 6 7|2 52 2 25 2043	1
2 3 5 6 7|2 52 3 52 5236	1
2 3 5 6 7|2 53 2 26 3486	1
2 3 5 6 7|2 53 2 40 3454	1
2 3 5 6 7|2 53 3 48 4006	1
2 3 5 6 7|2 53 3 50 5923	1
2 3 5 6 7|2 54 2 28 2890	1
2 3 5 6 7|2 54 3 42 5782	1
2 3 5 6 7|2 54 3 43 5183	1
2 3 5 6 7|2 55 1 14 1541	1
2 3 5 6 7|2 55 2 23 3970	1
2 3 5 6 7|2 55 2 31 3507	1
2 3 5 6 7|2 55 2 32 3676	1
2 3 5 6 7|2 55 2 33 3400	1
2 3 5 6 7|2 55 3 56 4705	1
2 3 5 6 7|2 56 1 2 221	1
2 3 5 6 7|2 56 2 34 3961	1
2 3 5 6 7|2 56 3 46 5111	1
2 3 5 6 7|2 57 2 21 3018	1
2 3 5 6 7|2 57 3 41 4811	1
2 3 5 6 7|2 57 3 44 4099	1
2 3 5 6 7|2 57 3 47 5485	1
2 3 5 6 7|2 58 1 14 1780	1
2 3 5 6 7|2 58 2 24 3365	1
2 3 5 6 7|2 58 2 39 2263	1
2 3 5 6 7|2 58 2 39 2653	1
2 3 5 6 7|2 58 3 58 4215	1
2 3 5 6 7|2 58 3 59 4028	1
2 3 5 6 7|2 59 1 7 225	1
2 3 5 6 7|2 59 2 35 3179	1
2 3 5 6 7|2 59 2 37 3000	1
2 3 5 6 7|2 59 3 51 5140	1
2 3 5 6 7|2 60 2 25 2627	1
2 3 5 6 7|2 60 2 35 2616	1
2 3 5 6 7|2 60 3 52 4363	1
2 3 5 6 7|3 62 2 28 3566	1
2 3 5 6 7|3 66 1 14 1457	1
2 3 5 6 7|3 66 3 47 5276	1
2 3 5 6 7|3 67 6 117 10884	1
2 3 5 6 7|3 67 8 141 15596	1
2 3 5 6 7|3 68 3 50 5250	1
2 3 5 6 7|3 69 2 24 3579	1
2 3 5 6 7|3 69 3 53 5188	1
2 3 5 6 7|3 72 1 4 1221	1
2 3 5 6 7|3 72 10 190 18754	1
2 3 5 6 7|3 72 3 57 4319	1
2 3 5 6 7|3 73 1 10 607	1
2 3 5 6 7|3 76 3 56 5037	1
2 3 5 6 7|3 84 1 13 1265	1
2 3 5 6 7|3 85 2 32 2905	1
2 3 5 6 7|3 89 8 148 15154	1
2 3 5 6 7|3 91 3 49 4853	1
2 3 5 6 7|3 91 3 60 5470	1
2 3 5 6 7|3 93 3 56 5098	1
2 3 5 6 7|3 93 3 56 5251	1
2 3 5 6 7|3 94 6 112 11602	1
2 3 5 6 7|3 95 2 26 3596	1
2 3 5 6 7|3 97 4 65 6320	1
2 3 5 6|1 14 1 11	1
2 3 5 6|1 16 4 63	1
2 3 5 6|1 17 3 46	1
2 3 5 6|1 18 1 12	1
2 3 5 6|1 2 1 7	1
2 3 5 6|1 20 2 27	1
2 3 5 6|1 21 2 32	1
2 3 5 6|1 21 2 37	1
2 3 5 6|1 27 3 41	1
2 3 5 6|1 28 2 24	1
2 3 5 6|1 3 2 22	1
2 3 5 6|1 30 3 46	1
2 3 5 6|1 31 1 19	1
2 3 5 6|1 32 2 39	1
2 3 5 6|1 33 1 3	1
2 3 5 6|1 35 1 11	1
2 3 5 6|1 35 3 44	1
2 3 5 6|1 36 3 41	1
2 3 5 6|1 37 1 16	1
2 3 5 6|1 37 1 19	1
2 3 5 6|1 37 2 37	1
2 3 5 6|1 39 2 25	1
2 3 5 6|1 4 2 26	1
2 3 5 6|1 41 1 16	1
2 3 5 6|1 42 3 52	1
2 3 5 6|1 42 5 92	1
2 3 5 6|1 42 8 158	1
2 3 5 6|1 43 1 17	1
2 3 5 6|1 46 3 54	1
2 3 5 6|1 49 3 57	1
2 3 5 6|1 5 2 40	1
2 3 5 6|1 5 3 53	1
2 3 5 6|1 50 3 50	1
2 3 5 6|1 6 1 4	1
2 3 5 6|1 6 2 29	1
2 3 5 6|1 7 3 58	1
2 3 5 6|1 9 3 60	1
2 3 5 6|2 51 1 9	1
2 3 5 6|2 51 3 43	1
2 3 5 6|2 52 1 11	1
2 3 5 6|2 52 1 13	2
2 3 5 6|2 52 2 25	1
2 3 5 6|2 52 3 52	1
2 3 5 6|2 53 2 26	1
2 3 5 6|2 53 2 40	1
2 3 5 6|2 53 3 48	1
2 3 5 6|2 53 3 50	1
2 3 5 6|2 54 2 28	1
2 3 5 6|2 54 3 42	1
2 3 5 6|2 54 3 43	1
2 3 5 6|2 55 1 14	1
2 3 5 6|2 55 2 23	1
2 3 5 6|2 55 2 31	1
2 3 5 6|2 55 2 32	1
2 3 5 6|2 55 2 33	1
2 3 5 6|2 55 3 56	1
2 3 5 6|2 56 1 2	1
2 3 5 6|2 56 2 34	1
2 3 5 6|2 56 3 46	1
2 3 5 6|2 57 2 21	1
2 3 5 6|2 57 3 41	1
2 3 5 6|2 57 3 44	1
2 3 5 6|2 57 3 47	1
2 3 5 6|2 58 1 14	1
2 3 5 6|2 58 2 24	1
2 3 5 6|2 58 2 39	2
2 3 5 6|2 58 3 58	1
2 3 5 6|2 58 3 59	1
2 3 5 6|2 59 1 7	1
2 3 5 6|2 59 2 35	1
2 3 5 6|2 59 2 37	1
2 3 5 6|2 59 3 51	1
2 3 5 6|2 60 2 25	1
2 3 5 6|2 60 2 35	1
2 3 5 6|2 60 3 52	1
2 3 5 6|3 62 2 28	1
2 3 5 6|3 66 1 14	1
2 3 5 6|3 66 3 47	1
2 3 5 6|3 67 6 117	1
2 3 5 6|3 67 8 141	1
2 3 5 6|3 68 3 50	1
2 3 5 6|3 69 2 24	1
2 3 5 6|3 69 3 53	1
2 3 5 6|3 72 1 4	1
2 3 5 6|3 72 10 190	1
2 3 5 6|3 72 3 57	1
2 3 5 6|3 73 1 10	1
2 3 5 6|3 76 3 56	1
2 3 5 6|3 84 1 13	1
2 3 5 6|3 85 2 32	1
2 3 5 6|3 89 8 148	1
2 3 5 6|3 91 3 49	1
2 3 5 6|3 91 3 60	1
2 3 5 6|3 93 3 56	2
2 3 5 6|3 94 6 112	1
2 3 5 6|3 95 2 26	1
2 3 5 6|3 97 4 65	1
2 3 5|1 14 1	1
2 3 5|1 16 4	1
2 3 5|1 17 3	1
2 3 5|1 18 1	1
2 3 5|1 2 1	1
2 3 5|1 20 2	1
2 3 5|1 21 2	2
2 3 5|1 27 3	1
2 3 5|1 28 2	1
2 3 5|1 3 2	1
2 3 5|1 30 3	1
2 3 5|1 31 1	1
2 3 5|1 32 2	1
2 3 5|1 33 1	1
2 3 5|1 35 1	1
2 3 5|1 35 3	1
2 3 5|1 36 3	1
2 3 5|1 37 1	2
2 3 5|1 37 2	1
2 3 5|1 39 2	1
2 3 5|1 4 2	1
2 3 5|1 41 1	1
2 3 5|1 42 3	1
2 3 5|1 42 5	1
2 3 5|1 42 8	1
2 3 5|1 43 1	1
2 3 5|1 46 3	1
2 3 5|1 49 3	1
2 3 5|1 5 2	1
2 3 5|1 5 3	1
2 3 5|1 50 3	1
2 3 5|1 6 1	1
2 3 5|1 6 2	1
2 3 5|1 7 3	1
2 3 5|1 9 3	1
2 3 5|2 51 1	1
2 3 5|2 51 3	1
2 3 5|2 52 1	3
2 3 5|2 52 2	1
2 3 5|2 52 3	1
2 3 5|2 53 2	2
2 3 5|2 53 3	2
2 3 5|2 54 2	1
2 3 5|2 54 3	2
2 3 5|2 55 1	1
2 3 5|2 55 2	4
2 3 5|2 55 3	1
2 3 5|2 56 1	1
2 3 5|2 56 2	1
2 3 5|2 56 3	1
2 3 5|2 57 2	1
2 3 5|2 57 3	3
2 3 5|2 58 1	1
2 3 5|2 58 2	3
2 3 5|2 58 3	2
2 3 5|2 59 1	1
2 3 5|2 59 2	2
2 3 5|2 59 3	1
2 3 5|2 60 2	2
2 3 5|2 60 3	1
2 3 5|3 62 2	1
2 3 5|3 66 1	1
2 3 5|3 66 3	1
2 3 5|3 67 6	1
2 3 5|3 67 8	1
2 3 5|3 68 3	1
2 3 5|3 69 2	1
2 3 5|3 69 3	1
2 3 5|3 72 1	1
2 3 5|3 72 10	1
2 3 5|3 72 3	1
2 3 5|3 73 1	1
2 3 5|3 76 3	1
2 3 5|3 84 1	1
2 3 5|3 85 2	1
2 3 5|3 89 8	1
2 3 5|3 91 3	2
2 3 5|3 93 3	2
2 3 5|3 94 6	1
2 3 5|3 95 2	1
2 3 5|3 97 4	1
2 3|1 14	1
2 3|1 16	1
2 3|1 17	1
2 3|1 18	1
2 3|1 2	1
2 3|1 20	1
2 3|1 21	2
2 3|1 27	1
2 3|1 28	1
2 3|1 3	1
2 3|1 30	1
2 3|1 31	1
2 3|1 32	1
2 3|1 33	1
2 3|1 35	2
2 3|1 36	1
2 3|1 37	3
2 3|1 39	1
2 3|1 4	1
2 3|1 41	1
2 3|1 42	3
2 3|1 43	1
2 3|1 46	1
2 3|1 49	1
2 3|1 5	2
2 3|1 50	1
2 3|1 6	2
2 3|1 7	1
2 3|1 9	1
2 3|2 51	2
2 3|2 52	5
2 3|2 53	4
2 3|2 54	3
2 3|2 55	6
2 3|2 56	3
2 3|2 57	4
2 3|2 58	6
2 3|2 59	4
2 3|2 60	3
2 3|3 62	1
2 3|3 66	2
2 3|3 67	2
2 3|3 68	1
2 3|3 69	2
2 3|3 72	3
2 3|3 73	1
2 3|3 76	1
2 3|3 84	1
2 3|3 85	1
2 3|3 89	1
2 3|3 91	2
2 3|3 93	2
2 3|3 94	1
2 3|3 95	1
2 3|3 97	1
2 5 6 7|1 1 11 1627	1
2 5 6 7|1 1 11 836	1
2 5 6 7|1 1 12 267	1
2 5 6 7|1 1 16 1277	1
2 5 6 7|1 1 16 289	1
2 5 6 7|1 1 17 484	1
2 5 6 7|1 1 19 542	1
2 5 6 7|1 1 19 678	1
2 5 6 7|1 1 3 1074	1
2 5 6 7|1 1 4 376	1
2 5 6 7|1 1 7 753	1
2 5 6 7|1 2 22 3192	1
2 5 6 7|1 2 24 2625	1
2 5 6 7|1 2 25 2810	1
2 5 6 7|1 2 26 3704	1
2 5 6 7|1 2 27 2207	1
2 5 6 7|1 2 29 3149	1
2 5 6 7|1 2 32 2121	1
2 5 6 7|1 2 37 3643	1
2 5 6 7|1 2 37 3872	1
2 5 6 7|1 2 39 3786	1
2 5 6 7|1 2 40 3918	1
2 5 6 7|1 3 41 4186	1
2 5 6 7|1 3 41 4540	1
2 5 6 7|1 3 44 5526	1
2 5 6 7|1 3 46 4288	1
2 5 6 7|1 3 46 4743	1
2 5 6 7|1 3 50 5460	1
2 5 6 7|1 3 52 5436	1
2 5 6 7|1 3 53 5265	1
2 5 6 7|1 3 54 4402	1
2 5 6 7|1 3 57 5601	1
2 5 6 7|1 3 58 4935	1
2 5 6 7|1 3 60 4995	1
2 5 6 7|1 4 63 6359	1
2 5 6 7|1 5 92 9144	1
2 5 6 7|1 8 158 14260	1
2 5 6 7|2 1 11 1790	1
2 5 6 7|2 1 13 478	1
2 5 6 7|2 1 13 603	1
2 5 6 7|2 1 14 1541	1
2 5 6 7|2 1 14 1780	1
2 5 6 7|2 1 2 221	1
2 5 6 7|2 1 7 225	1
2 5 6 7|2 1 9 151	1
2 5 6 7|2 2 21 3018	1
2 5 6 7|2 2 23 3970	1
2 5 6 7|2 2 24 3365	1
2 5 6 7|2 2 25 2043	1
2 5 6 7|2 2 25 2627	1
2 5 6 7|2 2 26 3486	1
2 5 6 7|2 2 28 2890	1
2 5 6 7|2 2 31 3507	1
2 5 6 7|2 2 32 3676	1
2 5 6 7|2 2 33 3400	1
2 5 6 7|2 2 34 3961	1
2 5 6 7|2 2 35 2616	1
2 5 6 7|2 2 35 3179	1
2 5 6 7|2 2 37 3000	1
2 5 6 7|2 2 39 2263	1
2 5 6 7|2 2 39 2653	1
2 5 6 7|2 2 40 3454	1
2 5 6 7|2 3 41 4811	1
2 5 6 7|2 3 42 5782	1
2 5 6 7|2 3 43 5183	1
2 5 6 7|2 3 43 5740	1
2 5 6 7|2 3 44 4099	1
2 5 6 7|2 3 46 5111	1
2 5 6 7|2 3 47 5485	1
2 5 6 7|2 3 48 4006	1
2 5 6 7|2 3 50 5923	1
2 5 6 7|2 3 51 5140	1
2 5 6 7|2 3 52 4363	1
2 5 6 7|2 3 52 5236	1
2 5 6 7|2 3 56 4705	1
2 5 6 7|2 3 58 4215	1
2 5 6 7|2 3 59 4028	1
2 5 6 7|3 1 10 607	1
2 5 6 7|3 1 13 1265	1
2 5 6 7|3 1 14 1457	1
2 5 6 7|3 1 4 1221	1
2 5 6 7|3 10 190 18754	1
2 5 6 7|3 2 24 3579	1
2 5 6 7|3 2 26 3596	1
2 5 6 7|3 2 28 3566	1
2 5 6 7|3 2 32 2905	1
2 5 6 7|3 3 47 5276	1
2 5 6 7|3 3 49 4853	1
2 5 6 7|3 3 50 5250	1
2 5 6 7|3 3 53 5188	1
2 5 6 7|3 3 56 5037	1
2 5 6 7|3 3 56 5098	1
2 5 6 7|3 3 56 5251	1
2 5 6 7|3 3 57 4319	1
2 5 6 7|3 3 60 5470	1
2 5 6 7|3 4 65 6320	1
2 5 6 7|3 6 112 11602	1
2 5 6 7|3 6 117 10884	1
2 5 6 7|3 8 141 15596	1
2 5 6 7|3 8 148 15154	1
2 5 6|1 1 11	2
2 5 6|1 1 12	1
2 5 6|1 1 16	2
2 5 6|1 1 17	1
2 5 6|1 1 19	2
2 5 6|1 1 3	1
2 5 6|1 1 4	1
2 5 6|1 1 7	1
2 5 6|1 2 22	1
2 5 6|1 2 24	1
2 5 6|1 2 25	1
2 5 6|1 2 26	1
2 5 6|1 2 27	1
2 5 6|1 2 29	1
2 5 6|1 2 32	1
2 5 6|1 2 37	2
2 5 6|1 2 39	1
2 5 6|1 2 40	1
2 5 6|1 3 41	2
2 5 6|1 3 44	1
2 5 6|1 3 46	2
2 5 6|1 3 50	1
2 5 6|1 3 52	1
2 5 6|1 3 53	1
2 5 6|1 3 54	1
2 5 6|1 3 57	1
2 5 6|1 3 58	1
2 5 6|1 3 60	1
2 5 6|1 4 63	1
2 5 6|1 5 92	1
2 5 6|1 8 158	1
2 5 6|2 1 11	1
2 5 6|2 1 13	2
2 5 6|2 1 14	2
2 5 6|2 1 2	1
2 5 6|2 1 7	1
2 5 6|2 1 9	1
2 5 6|2 2 21	1
2 5 6|2 2 23	1
2 5 6|2 2 24	1
2 5 6|2 2 25	2
2 5 6|2 2 26	1
2 5 6|2 2 28	1
2 5 6|2 2 31	1
2 5 6|2 2 32	1
2 5 6|2 2 33	1
2 5 6|2 2 34	1
2 5 6|2 2 35	2
2 5 6|2 2 37	1
2 5 6|2 2 39	2
2 5 6|2 2 40	1
2 5 6|2 3 41	1
2 5 6|2 3 42	1
2 5 6|2 3 43	2
2 5 6|2 3 44	1
2 5 6|2 3 46	1
2 5 6|2 3 47	1
2 5 6|2 3 48	1
2 5 6|2 3 50	1
2 5 6|2 3 51	1
2 5 6|2 3 52	2
2 5 6|2 3 56	1
2 5 6|2 3 58	1
2 5 6|2 3 59	1
2 5 6|3 1 10	1
2 5 6|3 1 13	1
2 5 6|3 1 14	1
2 5 6|3 1 4	1
2 5 6|3 10 190	1
2 5 6|3 2 24	1
2 5 6|3 2 26	1
2 5 6|3 2 28	1
2 5 6|3 2 32	1
2 5 6|3 3 47	1
2 5 6|3 3 49	1
2 5 6|3 3 50	1
2 5 6|3 3 53	1
2 5 6|3 3 56	3
2 5 6|3 3 57	1
2 5 6|3 3 60	1
2 5 6|3 4 65	1
2 5 6|3 6 112	1
2 5 6|3 6 117	1
2 5 6|3 8 141	1
2 5 6|3 8 148	1
2 5|1 1	11
2 5|1 2	11
2 5|1 3	12
2 5|1 4	1
2 5|1 5	1
2 5|1 8	1
2 5|2 1	8
2 5|2 2	17
2 5|2 3	15
2 5|3 1	4
2 5|3 10	1
2 5|3 2	4
2 5|3 3	9
2 5|3 4	1
2 5|3 6	2
2 5|3 8	2
2|1	37
2|2	40
2|3	23
5 6 7|1 10 607	1
5 6 7|1 11 1627	1
5 6 7|1 11 1790	1
5 6 7|1 11 836	1
5 6 7|1 12 267	1
5 6 7|1 13 1265	1
5 6 7|1 13 478	1
5 6 7|1 13 603	1
5 6 7|1 14 1457	1
5 6 7|1 14 1541	1
5 6 7|1 14 1780	1
5 6 7|1 16 1277	1
5 6 7|1 16 289	1
5 6 7|1 17 484	1
5 6 7|1 19 542	1
5 6 7|1 19 678	1
5 6 7|1 2 221	1
5 6 7|1 3 1074	1
5 6 7|1 4 1221	1
5 6 7|1 4 376	1
5 6 7|1 7 225	1
5 6 7|1 7 753	1
5 6 7|1 9 151	1
5 6 7|10 190 18754	1
5 6 7|2 21 3018	1
5 6 7|2 22 3192	1
5 6 7|2 23 3970	1
5 6 7|2 24 2625	1
5 6 7|2 24 3365	1
5 6 7|2 24 3579	1
5 6 7|2 25 2043	1
5 6 7|2 25 2627	1
5 6 7|2 25 2810	1
5 6 7|2 26 3486	1
5 6 7|2 26 3596	1
5 6 7|2 26 3704	1
5 6 7|2 27 2207	1
5 6 7|2 28 2890	1
5 6 7|2 28 3566	1
5 6 7|2 29 3149	1
5 6 7|2 31 3507	1
5 6 7|2 32 2121	1
5 6 7|2 32 2905	1
5 6 7|2 32 3676	1
5 6 7|2 33 3400	1
5 6 7|2 34 3961	1
5 6 7|2 35 2616	1
5 6 7|2 35 3179	1
5 6 7|2 37 3000	1
5 6 7|2 37 3643	1
5 6 7|2 37 3872	1
5 6 7|2 39 2263	1
5 6 7|2 39 2653	1
5 6 7|2 39 3786	1
5 6 7|2 40 3454	1
5 6 7|2 40 3918	1
5 6 7|3 41 4186	1
5 6 7|3 41 4540	1
5 6 7|3 41 4811	1
5 6 7|3 42 5782	1
5 6 7|3 43 5183	1
5 6 7|3 43 5740	1
5 6 7|3 44 4099	1
5 6 7|3 44 5526	1
5 6 7|3 46 4288	1
5 6 7|3 46 4743	1
5 6 7|3 46 5111	1
5 6 7|3 47 5276	1
5 6 7|3 47 5485	1
5 6 7|3 48 4006	1
5 6 7|3 49 4853	1
5 6 7|3 50 5250	1
5 6 7|3 50 5460	1
5 6 7|3 50 5923	1
5 6 7|3 51 5140	1
5 6 7|3 52 4363	1
5 6 7|3 52 5236	1
5 6 7|3 52 5436	1
5 6 7|3 53 5188	1
5 6 7|3 53 5265	1
5 6 7|3 54 4402	1
5 6 7|3 56 4705	1
5 6 7|3 56 5037	1
5 6 7|3 56 5098	1
5 6 7|3 56 5251	1
5 6 7|3 57 4319	1
5 6 7|3 57 5601	1
5 6 7|3 58 4215	1
5 6 7|3 58 4935	1
5 6 7|3 59 4028	1
5 6 7|3 60 4995	1
5 6 7|3 60 5470	1
5 6 7|4 63 6359	1
5 6 7|4 65 6320	1
5 6 7|5 92 9144	1
5 6 7|6 112 11602	1
5 6 7|6 117 10884	1
5 6 7|8 141 15596	1
5 6 7|8 148 15154	1
5 6 7|8 158 14260	1
5 6|1 10	1
5 6|1 11	3
5 6|1 12	1
5 6|1 13	3
5 6|1 14	3
5 6|1 16	2
5 6|1 17	1
5 6|1 19	2
5 6|1 2	1
5 6|1 3	1
5 6|1 4	2
5 6|1 7	2
5 6|1 9	1
5 6|10 190	1
5 6|2 21	1
5 6|2 22	1
5 6|2 23	1
5 6|2 24	3
5 6|2 25	3
5 6|2 26	3
5 6|2 27	1
5 6|2 28	2
5 6|2 29	1
5 6|2 31	1
5 6|2 32	3
5 6|2 33	1
5 6|2 34	1
5 6|2 35	2
5 6|2 37	3
5 6|2 39	3
5 6|2 40	2
5 6|3 41	3
5 6|3 42	1
5 6|3 43	2
5 6|3 44	2
5 6|3 46	3
5 6|3 47	2
5 6|3 48	1
5 6|3 49	1
5 6|3 50	3
5 6|3 51	1
5 6|3 52	3
5 6|3 53	2
5 6|3 54	1
5 6|3 56	4
5 6|3 57	2
5 6|3 58	2
5 6|3 59	1
5 6|3 60	2
5 6|4 63	1
5 6|4 65	1
5 6|5 92	1
5 6|6 112	1
5 6|6 117	1
5 6|8 141	1
5 6|8 148	1
5 6|8 158	1
5|1	23
5|10	1
5|2	32
5|3	36
5|4	2
5|5	1
5|6	2
5|8	3
