1 816910 u 1 3 70 2730 1 4 1 736.204
2 376920 f 0 2 53 2269 1 3 0 406.81
3 261005 f 1 1 47 1595 3 48 11 451.254
4 217584 q 0 2 57 2235 3 59 8 544.978
5 446812 j 1 2 51 2195 3 52 11 137.567
6 92413 x 0 2 59 2297 2 23 4 972.67
7 668064 k 1 2 57 2162 7 123 24 333.443
8 172004 j 0 2 58 2167 3 44 10 227.891
9 165737 i 1 3 96 3319 1 18 0 758.44
10 93276 d 0 2 56 2392 10 199 38 909.528
11 433563 f 0 1 18 1885 8 158 28 988.15
12 837498 d 0 3 87 3933 1 19 1 628.627
13 328820 q 1 3 77 3471 3 50 10 872.309
14 896725 p 1 3 66 3390 3 43 11 400.237
15 786332 e 0 3 99 3745 1 8 0 874.714
16 325862 r 0 3 72 3971 3 53 9 639.68
17 94644 h 1 1 45 742 3 47 8 764.756
18 255791 s 0 3 81 2584 1 9 2 263.647
19 117633 y 1 1 26 557 1 13 1 291.105
20 602432 w 1 2 55 2405 2 25 6 410.092
21 414900 h 0 3 93 3022 2 34 5 11.2129
22 456045 z 1 2 59 2159 6 110 21 359.112
23 596179 k 1 2 52 2274 3 49 9 80.4501
24 125190 b 1 3 71 3840 1 1 3 268.944
25 138201 j 1 3 80 3109 2 33 6 554.41
26 972715 i 1 3 85 3816 2 36 4 430.213
27 582212 r 1 3 74 2669 6 114 20 356.287
28 123200 v 1 3 63 3741 3 44 10 148.96
29 578108 y 1 1 6 1525 1 12 2 429.344
30 986456 m 0 1 11 108 3 53 11 578.774
31 457794 z 1 3 100 3356 3 50 8 985.469
32 779987 a 0 2 56 2024 2 21 5 834.997
33 794918 j 0 2 53 2474 1 19 2 686.159
34 276249 n 0 3 62 2986 3 50 11 280.146
35 409966 o 0 1 39 218 2 31 5 634.594
36 628978 l 0 1 50 208 5 100 18 643.338
37 582647 e 1 2 58 2471 1 11 3 391.494
38 847126 x 1 1 38 1260 1 7 1 439.03
39 773223 a 0 2 51 2089 3 42 9 116.599
40 682628 t 0 1 15 1175 3 42 11 887.405
41 619281 m 1 3 83 2834 1 6 3 638.705
42 708841 m 0 3 70 3951 9 168 33 28.0833
43 995221 y 1 1 36 1542 2 40 5 943.591
44 927434 m 0 1 34 825 1 15 2 383.997
45 830544 z 0 2 59 2486 1 7 1 256.708
46 499441 m 1 1 27 772 5 89 18 289.189
47 400428 t 1 2 60 2426 2 21 5 885.713
48 174960 n 1 1 7 715 2 22 6 149.146
49 704868 u 1 1 8 921 3 59 9 196.359
50 202446 i 1 1 50 1513 2 24 6 122.139
51 784365 r 1 1 11 96 3 52 10 846.999
52 516901 o 1 1 3 1743 2 23 6 479.371
53 782337 q 1 1 17 240 1 12 2 25.2992
54 203927 j 1 2 52 2308 2 31 4 698.03
55 794804 m 0 3 64 3547 1 16 1 570.127
56 124660 h 0 3 82 3463 1 7 2 683.039
57 839175 s 1 2 54 2305 2 25 5 208.005
58 932178 z 1 1 5 1598 1 7 3 234.266
59 308326 y 1 1 34 842 2 32 6 899.839
60 592004 y 0 3 84 3828 8 154 31 665.361
61 714620 v 1 2 51 2254 3 50 10 764.186
62 670219 p 1 2 54 2222 2 24 7 33.2496
63 826667 d 1 1 42 1211 1 1 3 322.279
64 548121 f 1 1 1 1018 2 21 5 895.019
65 578454 r 1 1 9 1921 3 60 10 879.42
66 416778 n 1 1 28 347 5 96 19 834.11
67 888627 l 1 2 60 2013 1 18 1 163.921
68 15412 m 1 3 89 3434 3 47 8 950.354
69 603350 e 0 1 1 1826 2 36 7 199.841
70 727527 e 1 1 38 639 1 8 3 842.946
71 392199 y 0 1 42 1327 1 2 3 754.418
72 497308 m 1 3 63 2530 3 53 10 167.239
73 781885 w 1 3 93 2992 3 41 11 857.972
74 932919 k 1 2 57 2462 3 59 9 822.748
75 921601 a 1 1 13 1440 2 23 5 674.847
76 146699 u 1 2 52 2092 3 41 8 473.788
77 948059 i 0 3 98 2948 2 21 5 745.338
78 895356 y 0 1 36 1115 3 42 11 490.775
79 451584 m 0 2 57 2270 3 49 10 834.462
80 796542 c 1 3 84 3105 1 11 3 594.358
81 379153 c 0 2 55 2499 8 150 29 350.717
82 493347 y 1 3 82 2830 2 32 6 47.4412
83 343801 p 0 3 64 3212 3 45 9 141.333
84 376889 y 1 1 31 548 3 53 9 941.436
85 709768 e 1 2 55 2405 3 43 9 542.868
86 975656 g 1 1 16 1980 2 37 6 43.6247
87 199685 l 1 2 57 2268 2 39 7 439.57
88 850496 v 1 2 56 2025 3 42 8 847.484
89 664167 h 1 3 93 3734 1 14 2 653.431
90 212008 k 1 3 61 2621 3 48 8 928.241
91 938309 d 0 3 83 3289 2 29 4 509.228
92 599985 b 0 2 58 2092 1 13 0 857.03
93 98648 s 0 3 88 3688 1 5 1 829.145
94 435934 f 0 1 47 1875 3 45 10 794.11
95 610606 y 1 1 26 1032 8 149 29 169.06
96 395417 b 1 1 38 907 2 22 6 373.419
97 57203 m 1 2 56 2422 3 41 9 116.919
98 49459 i 1 2 55 2002 8 155 29 389.789
99 183393 k 0 1 10 488 1 4 0 834.134
100 288507 w 0 2 52 2263 2 36 5 362.746
