3 4 5 7 8|0 1 1 2 36	1 7.0 199.841
3 4 5 7|0 1 1 2	1 7.0 199.841
3 4 5|0 1 1	1 7.0 199.841
3 4 5 7 8|0 1 10 1 4	1 0.0 834.134
3 4 5 7|0 1 10 1	1 0.0 834.134
3 4 5|0 1 10	1 0.0 834.134
3 4 5 7 8|0 1 11 3 53	1 11.0 578.774
3 4 5 7|0 1 11 3	1 11.0 578.774
3 4 5|0 1 11	1 11.0 578.774
3 4 5 7 8|0 1 15 3 42	1 11.0 887.405
3 4 5 7|0 1 15 3	1 11.0 887.405
3 4 5|0 1 15	1 11.0 887.405
3 4 5 7 8|0 1 18 8 158	1 28.0 988.15
3 4 5 7|0 1 18 8	1 28.0 988.15
3 4 5|0 1 18	1 28.0 988.15
3 4 5 7 8|0 1 34 1 15	1 2.0 383.997
3 4 5 7|0 1 34 1	1 2.0 383.997
3 4 5|0 1 34	1 2.0 383.997
3 4 5 7 8|0 1 36 3 42	1 11.0 490.775
3 4 5 7|0 1 36 3	1 11.0 490.775
3 4 5|0 1 36	1 11.0 490.775
3 4 5 7 8|0 1 39 2 31	1 5.0 634.594
3 4 5 7|0 1 39 2	1 5.0 634.594
3 4 5|0 1 39	1 5.0 634.594
3 4 5 7 8|0 1 42 1 2	1 3.0 754.418
3 4 5 7|0 1 42 1	1 3.0 754.418
3 4 5|0 1 42	1 3.0 754.418
3 4 5 7 8|0 1 47 3 45	1 10.0 794.11
3 4 5 7|0 1 47 3	1 10.0 794.11
3 4 5|0 1 47	1 10.0 794.11
3 4 5 7 8|0 1 50 5 100	1 18.0 643.338
3 4 5 7|0 1 50 5	1 18.0 643.338
3 4 5|0 1 50	1 18.0 643.338
3 4 5 7 8|0 2 51 3 42	1 9.0 116.599
3 4 5 7|0 2 51 3	1 9.0 116.599
3 4 5|0 2 51	1 9.0 116.599
3 4 5 7 8|0 2 52 2 36	1 5.0 362.746
3 4 5 7|0 2 52 2	1 5.0 362.746
3 4 5|0 2 52	1 5.0 362.746
3 4 5 7 8|0 2 53 1 19	1 2.0 686.159
3 4 5 7 8|0 2 53 1 3	1 0.0 406.81
3 4 5 7|0 2 53 1	2 2.0 1092.969
3 4 5|0 2 53	2 2.0 1092.969
3 4 5 7 8|0 2 55 8 150	1 29.0 350.717
3 4 5 7|0 2 55 8	1 29.0 350.717
3 4 5|0 2 55	1 29.0 350.717
3 4 5 7 8|0 2 56 10 199	1 38.0 909.528
3 4 5 7|0 2 56 10	1 38.0 909.528
3 4 5 7 8|0 2 56 2 21	1 5.0 834.997
3 4 5 7|0 2 56 2	1 5.0 834.997
3 4 5|0 2 56	2 43.0 1744.525
3 4 5 7 8|0 2 57 3 49	1 10.0 834.462
3 4 5 7 8|0 2 57 3 59	1 8.0 544.978
3 4 5 7|0 2 57 3	2 18.0 1379.44
3 4 5|0 2 57	2 18.0 1379.44
3 4 5 7 8|0 2 58 1 13	1 0.0 857.03
3 4 5 7|0 2 58 1	1 0.0 857.03
3 4 5 7 8|0 2 58 3 44	1 10.0 227.891
3 4 5 7|0 2 58 3	1 10.0 227.891
3 4 5|0 2 58	2 10.0 1084.921
3 4 5 7 8|0 2 59 1 7	1 1.0 256.708
3 4 5 7|0 2 59 1	1 1.0 256.708
3 4 5 7 8|0 2 59 2 23	1 4.0 972.67
3 4 5 7|0 2 59 2	1 4.0 972.67
3 4 5|0 2 59	2 5.0 1229.378
3 4 5 7 8|0 3 62 3 50	1 11.0 280.146
3 4 5 7|0 3 62 3	1 11.0 280.146
3 4 5|0 3 62	1 11.0 280.146
3 4 5 7 8|0 3 64 1 16	1 1.0 570.127
3 4 5 7|0 3 64 1	1 1.0 570.127
3 4 5 7 8|0 3 64 3 45	1 9.0 141.333
3 4 5 7|0 3 64 3	1 9.0 141.333
3 4 5|0 3 64	2 10.0 711.46
3 4 5 7 8|0 3 70 9 168	1 33.0 28.0833
3 4 5 7|0 3 70 9	1 33.0 28.0833
3 4 5|0 3 70	1 33.0 28.0833
3 4 5 7 8|0 3 72 3 53	1 9.0 639.68
3 4 5 7|0 3 72 3	1 9.0 639.68
3 4 5|0 3 72	1 9.0 639.68
3 4 5 7 8|0 3 81 1 9	1 2.0 263.647
3 4 5 7|0 3 81 1	1 2.0 263.647
3 4 5|0 3 81	1 2.0 263.647
3 4 5 7 8|0 3 82 1 7	1 2.0 683.039
3 4 5 7|0 3 82 1	1 2.0 683.039
3 4 5|0 3 82	1 2.0 683.039
3 4 5 7 8|0 3 83 2 29	1 4.0 509.228
3 4 5 7|0 3 83 2	1 4.0 509.228
3 4 5|0 3 83	1 4.0 509.228
3 4 5 7 8|0 3 84 8 154	1 31.0 665.361
3 4 5 7|0 3 84 8	1 31.0 665.361
3 4 5|0 3 84	1 31.0 665.361
3 4 5 7 8|0 3 87 1 19	1 1.0 628.627
3 4 5 7|0 3 87 1	1 1.0 628.627
3 4 5|0 3 87	1 1.0 628.627
3 4 5 7 8|0 3 88 1 5	1 1.0 829.145
3 4 5 7|0 3 88 1	1 1.0 829.145
3 4 5|0 3 88	1 1.0 829.145
3 4 5 7 8|0 3 93 2 34	1 5.0 11.2129
3 4 5 7|0 3 93 2	1 5.0 11.2129
3 4 5|0 3 93	1 5.0 11.2129
3 4 5 7 8|0 3 98 2 21	1 5.0 745.338
3 4 5 7|0 3 98 2	1 5.0 745.338
3 4 5|0 3 98	1 5.0 745.338
3 4 5 7 8|0 3 99 1 8	1 0.0 874.714
3 4 5 7|0 3 99 1	1 0.0 874.714
3 4 5|0 3 99	1 0.0 874.714
3 4 5 7 8|1 1 1 2 21	1 5.0 895.019
3 4 5 7|1 1 1 2	1 5.0 895.019
3 4 5|1 1 1	1 5.0 895.019
3 4 5 7 8|1 1 11 3 52	1 10.0 846.999
3 4 5 7|1 1 11 3	1 10.0 846.999
3 4 5|1 1 11	1 10.0 846.999
3 4 5 7 8|1 1 13 2 23	1 5.0 674.847
3 4 5 7|1 1 13 2	1 5.0 674.847
3 4 5|1 1 13	1 5.0 674.847
3 4 5 7 8|1 1 16 2 37	1 6.0 43.6247
3 4 5 7|1 1 16 2	1 6.0 43.6247
3 4 5|1 1 16	1 6.0 43.6247
3 4 5 7 8|1 1 17 1 12	1 2.0 25.2992
3 4 5 7|1 1 17 1	1 2.0 25.2992
3 4 5|1 1 17	1 2.0 25.2992
3 4 5 7 8|1 1 26 1 13	1 1.0 291.105
3 4 5 7|1 1 26 1	1 1.0 291.105
3 4 5 7 8|1 1 26 8 149	1 29.0 169.06
3 4 5 7|1 1 26 8	1 29.0 169.06
3 4 5|1 1 26	2 30.0 460.165
3 4 5 7 8|1 1 27 5 89	1 18.0 289.189
3 4 5 7|1 1 27 5	1 18.0 289.189
3 4 5|1 1 27	1 18.0 289.189
3 4 5 7 8|1 1 28 5 96	1 19.0 834.11
3 4 5 7|1 1 28 5	1 19.0 834.11
3 4 5|1 1 28	1 19.0 834.11
3 4 5 7 8|1 1 3 2 23	1 6.0 479.371
3 4 5 7|1 1 3 2	1 6.0 479.371
3 4 5|1 1 3	1 6.0 479.371
3 4 5 7 8|1 1 31 3 53	1 9.0 941.436
3 4 5 7|1 1 31 3	1 9.0 941.436
3 4 5|1 1 31	1 9.0 941.436
3 4 5 7 8|1 1 34 2 32	1 6.0 899.839
3 4 5 7|1 1 34 2	1 6.0 899.839
3 4 5|1 1 34	1 6.0 899.839
3 4 5 7 8|1 1 36 2 40	1 5.0 943.591
3 4 5 7|1 1 36 2	1 5.0 943.591
3 4 5|1 1 36	1 5.0 943.591
3 4 5 7 8|1 1 38 1 7	1 1.0 439.03
3 4 5 7 8|1 1 38 1 8	1 3.0 842.946
3 4 5 7|1 1 38 1	2 4.0 1281.976
3 4 5 7 8|1 1 38 2 22	1 6.0 373.419
3 4 5 7|1 1 38 2	1 6.0 373.419
3 4 5|1 1 38	3 10.0 1655.395
3 4 5 7 8|1 1 42 1 1	1 3.0 322.279
3 4 5 7|1 1 42 1	1 3.0 322.279
3 4 5|1 1 42	1 3.0 322.279
3 4 5 7 8|1 1 45 3 47	1 8.0 764.756
3 4 5 7|1 1 45 3	1 8.0 764.756
3 4 5|1 1 45	1 8.0 764.756
3 4 5 7 8|1 1 47 3 48	1 11.0 451.254
3 4 5 7|1 1 47 3	1 11.0 451.254
3 4 5|1 1 47	1 11.0 451.254
3 4 5 7 8|1 1 5 1 7	1 3.0 234.266
3 4 5 7|1 1 5 1	1 3.0 234.266
3 4 5|1 1 5	1 3.0 234.266
3 4 5 7 8|1 1 50 2 24	1 6.0 122.139
3 4 5 7|1 1 50 2	1 6.0 122.139
3 4 5|1 1 50	1 6.0 122.139
3 4 5 7 8|1 1 6 1 12	1 2.0 429.344
3 4 5 7|1 1 6 1	1 2.0 429.344
3 4 5|1 1 6	1 2.0 429.344
3 4 5 7 8|1 1 7 2 22	1 6.0 149.146
3 4 5 7|1 1 7 2	1 6.0 149.146
3 4 5|1 1 7	1 6.0 149.146
3 4 5 7 8|1 1 8 3 59	1 9.0 196.359
3 4 5 7|1 1 8 3	1 9.0 196.359
3 4 5|1 1 8	1 9.0 196.359
3 4 5 7 8|1 1 9 3 60	1 10.0 879.42
3 4 5 7|1 1 9 3	1 10.0 879.42
3 4 5|1 1 9	1 10.0 879.42
3 4 5 7 8|1 2 51 3 50	1 10.0 764.186
3 4 5 7 8|1 2 51 3 52	1 11.0 137.567
3 4 5 7|1 2 51 3	2 21.0 901.753
3 4 5|1 2 51	2 21.0 901.753
3 4 5 7 8|1 2 52 2 31	1 4.0 698.03
3 4 5 7|1 2 52 2	1 4.0 698.03
3 4 5 7 8|1 2 52 3 41	1 8.0 473.788
3 4 5 7 8|1 2 52 3 49	1 9.0 80.4501
3 4 5 7|1 2 52 3	2 17.0 554.2381
3 4 5|1 2 52	3 21.0 1252.2681
3 4 5 7 8|1 2 54 2 24	1 7.0 33.2496
3 4 5 7 8|1 2 54 2 25	1 5.0 208.005
3 4 5 7|1 2 54 2	2 12.0 241.2546
3 4 5|1 2 54	2 12.0 241.2546
3 4 5 7 8|1 2 55 2 25	1 6.0 410.092
3 4 5 7|1 2 55 2	1 6.0 410.092
3 4 5 7 8|1 2 55 3 43	1 9.0 542.868
3 4 5 7|1 2 55 3	1 9.0 542.868
3 4 5 7 8|1 2 55 8 155	1 29.0 389.789
3 4 5 7|1 2 55 8	1 29.0 389.789
3 4 5|1 2 55	3 44.0 1342.749
3 4 5 7 8|1 2 56 3 41	1 9.0 116.919
3 4 5 7 8|1 2 56 3 42	1 8.0 847.484
3 4 5 7|1 2 56 3	2 17.0 964.403
3 4 5|1 2 56	2 17.0 964.403
3 4 5 7 8|1 2 57 2 39	1 7.0 439.57
3 4 5 7|1 2 57 2	1 7.0 439.57
3 4 5 7 8|1 2 57 3 59	1 9.0 822.748
3 4 5 7|1 2 57 3	1 9.0 822.748
3 4 5 7 8|1 2 57 7 123	1 24.0 333.443
3 4 5 7|1 2 57 7	1 24.0 333.443
3 4 5|1 2 57	3 40.0 1595.761
3 4 5 7 8|1 2 58 1 11	1 3.0 391.494
3 4 5 7|1 2 58 1	1 3.0 391.494
3 4 5|1 2 58	1 3.0 391.494
3 4 5 7 8|1 2 59 6 110	1 21.0 359.112
3 4 5 7|1 2 59 6	1 21.0 359.112
3 4 5|1 2 59	1 21.0 359.112
3 4 5 7 8|1 2 60 1 18	1 1.0 163.921
3 4 5 7|1 2 60 1	1 1.0 163.921
3 4 5 7 8|1 2 60 2 21	1 5.0 885.713
3 4 5 7|1 2 60 2	1 5.0 885.713
3 4 5|1 2 60	2 6.0 1049.634
3 4 5 7 8|1 3 100 3 50	1 8.0 985.469
3 4 5 7|1 3 100 3	1 8.0 985.469
3 4 5|1 3 100	1 8.0 985.469
3 4 5 7 8|1 3 61 3 48	1 8.0 928.241
3 4 5 7|1 3 61 3	1 8.0 928.241
3 4 5|1 3 61	1 8.0 928.241
3 4 5 7 8|1 3 63 3 44	1 10.0 148.96
3 4 5 7 8|1 3 63 3 53	1 10.0 167.239
3 4 5 7|1 3 63 3	2 20.0 316.199
3 4 5|1 3 63	2 20.0 316.199
3 4 5 7 8|1 3 66 3 43	1 11.0 400.237
3 4 5 7|1 3 66 3	1 11.0 400.237
3 4 5|1 3 66	1 11.0 400.237
3 4 5 7 8|1 3 70 1 4	1 1.0 736.204
3 4 5 7|1 3 70 1	1 1.0 736.204
3 4 5|1 3 70	1 1.0 736.204
3 4 5 7 8|1 3 71 1 1	1 3.0 268.944
3 4 5 7|1 3 71 1	1 3.0 268.944
3 4 5|1 3 71	1 3.0 268.944
3 4 5 7 8|1 3 74 6 114	1 20.0 356.287
3 4 5 7|1 3 74 6	1 20.0 356.287
3 4 5|1 3 74	1 20.0 356.287
3 4 5 7 8|1 3 77 3 50	1 10.0 872.309
3 4 5 7|1 3 77 3	1 10.0 872.309
3 4 5|1 3 77	1 10.0 872.309
3 4 5 7 8|1 3 80 2 33	1 6.0 554.41
3 4 5 7|1 3 80 2	1 6.0 554.41
3 4 5|1 3 80	1 6.0 554.41
3 4 5 7 8|1 3 82 2 32	1 6.0 47.4412
3 4 5 7|1 3 82 2	1 6.0 47.4412
3 4 5|1 3 82	1 6.0 47.4412
3 4 5 7 8|1 3 83 1 6	1 3.0 638.705
3 4 5 7|1 3 83 1	1 3.0 638.705
3 4 5|1 3 83	1 3.0 638.705
3 4 5 7 8|1 3 84 1 11	1 3.0 594.358
3 4 5 7|1 3 84 1	1 3.0 594.358
3 4 5|1 3 84	1 3.0 594.358
3 4 5 7 8|1 3 85 2 36	1 4.0 430.213
3 4 5 7|1 3 85 2	1 4.0 430.213
3 4 5|1 3 85	1 4.0 430.213
3 4 5 7 8|1 3 89 3 47	1 8.0 950.354
3 4 5 7|1 3 89 3	1 8.0 950.354
3 4 5|1 3 89	1 8.0 950.354
3 4 5 7 8|1 3 93 1 14	1 2.0 653.431
3 4 5 7|1 3 93 1	1 2.0 653.431
3 4 5 7 8|1 3 93 3 41	1 11.0 857.972
3 4 5 7|1 3 93 3	1 11.0 857.972
3 4 5|1 3 93	2 13.0 1511.403
3 4 5|1 3 96	1 0.0 758.44
3 4 5|1 3 96	1 0.0 758.44
3 4 5|1 3 96	1 0.0 758.44
3 7 8|0 1 13	1 0.0 857.03
3 7 8|0 1 15	1 2.0 383.997
3 7 8|0 1 16	1 1.0 570.127
3 7 8|0 1 19	2 3.0 1314.786
3 7 8|0 1 2	1 3.0 754.418
3 7 8|0 1 3	1 0.0 406.81
3 7 8|0 1 4	1 0.0 834.134
3 7 8|0 1 5	1 1.0 829.145
3 7 8|0 1 7	2 3.0 939.747
3 7 8|0 1 8	1 0.0 874.714
3 7 8|0 1 9	1 2.0 263.647
3 7|0 1	13 15.0 8028.555
3 7 8|0 10 199	1 38.0 909.528
3 7|0 10	1 38.0 909.528
3 7 8|0 2 21	2 10.0 1580.335
3 7 8|0 2 23	1 4.0 972.67
3 7 8|0 2 29	1 4.0 509.228
3 7 8|0 2 31	1 5.0 634.594
3 7 8|0 2 34	1 5.0 11.2129
3 7 8|0 2 36	2 12.0 562.587
3 7|0 2	8 40.0 4270.6269
3 7 8|0 3 42	3 31.0 1494.779
3 7 8|0 3 44	1 10.0 227.891
3 7 8|0 3 45	2 19.0 935.443
3 7 8|0 3 49	1 10.0 834.462
3 7 8|0 3 50	1 11.0 280.146
3 7 8|0 3 53	2 20.0 1218.454
3 7 8|0 3 59	1 8.0 544.978
3 7|0 3	11 109.0 5536.153
3 7 8|0 5 100	1 18.0 643.338
3 7|0 5	1 18.0 643.338
3 7 8|0 8 150	1 29.0 350.717
3 7 8|0 8 154	1 31.0 665.361
3 7 8|0 8 158	1 28.0 988.15
3 7|0 8	3 88.0 2004.228
3 7 8|0 9 168	1 33.0 28.0833
3 7|0 9	1 33.0 28.0833
3|0	38 341.0 21420.5122
3 7 8|1 1 1	2 6.0 591.223
3 7 8|1 1 11	2 6.0 985.852
3 7 8|1 1 12	2 4.0 454.6432
3 7 8|1 1 13	1 1.0 291.105
3 7 8|1 1 14	1 2.0 653.431
3 7 8|1 1 18	2 1.0 922.361
3 7 8|1 1 4	1 1.0 736.204
3 7 8|1 1 6	1 3.0 638.705
3 7 8|1 1 7	2 4.0 673.296
3 7 8|1 1 8	1 3.0 842.946
3 7|1 1	15 31.0 6789.7662
3 7 8|1 2 21	2 10.0 1780.732
3 7 8|1 2 22	2 12.0 522.565
3 7 8|1 2 23	2 11.0 1154.218
3 7 8|1 2 24	2 13.0 155.3886
3 7 8|1 2 25	2 11.0 618.097
3 7 8|1 2 31	1 4.0 698.03
3 7 8|1 2 32	2 12.0 947.2802
3 7 8|1 2 33	1 6.0 554.41
3 7 8|1 2 36	1 4.0 430.213
3 7 8|1 2 37	1 6.0 43.6247
3 7 8|1 2 39	1 7.0 439.57
3 7 8|1 2 40	1 5.0 943.591
3 7|1 2	18 101.0 8287.7195
3 7 8|1 3 41	3 28.0 1448.679
3 7 8|1 3 42	1 8.0 847.484
3 7 8|1 3 43	2 20.0 943.105
3 7 8|1 3 44	1 10.0 148.96
3 7 8|1 3 47	2 16.0 1715.11
3 7 8|1 3 48	2 19.0 1379.495
3 7 8|1 3 49	1 9.0 80.4501
3 7 8|1 3 50	3 28.0 2621.964
3 7 8|1 3 52	2 21.0 984.566
3 7 8|1 3 53	2 19.0 1108.675
3 7 8|1 3 59	2 18.0 1019.107
3 7 8|1 3 60	1 10.0 879.42
3 7|1 3	22 206.0 13177.0151
3 7 8|1 5 89	1 18.0 289.189
3 7 8|1 5 96	1 19.0 834.11
3 7|1 5	2 37.0 1123.299
3 7 8|1 6 110	1 21.0 359.112
3 7 8|1 6 114	1 20.0 356.287
3 7|1 6	2 41.0 715.399
3 7 8|1 7 123	1 24.0 333.443
3 7|1 7	1 24.0 333.443
3 7 8|1 8 149	1 29.0 169.06
3|1	62 498.0 30985.4908
3|1	62 498.0 30985.4908
3|1	62 498.0 30985.4908
4 5 7 8|1 1 2 21	1 5.0 895.019
4 5 7 8|1 1 2 36	1 7.0 199.841
4 5 7|1 1 2	2 12.0 1094.86
4 5|1 1	2 12.0 1094.86
4 5 7 8|1 10 1 4	1 0.0 834.134
4 5 7|1 10 1	1 0.0 834.134
4 5|1 10	1 0.0 834.134
4 5 7 8|1 11 3 52	1 10.0 846.999
4 5 7 8|1 11 3 53	1 11.0 578.774
4 5 7|1 11 3	2 21.0 1425.773
4 5|1 11	2 21.0 1425.773
4 5 7 8|1 13 2 23	1 5.0 674.847
4 5 7|1 13 2	1 5.0 674.847
4 5|1 13	1 5.0 674.847
4 5 7 8|1 15 3 42	1 11.0 887.405
4 5 7|1 15 3	1 11.0 887.405
4 5|1 15	1 11.0 887.405
4 5 7 8|1 16 2 37	1 6.0 43.6247
4 5 7|1 16 2	1 6.0 43.6247
4 5|1 16	1 6.0 43.6247
4 5 7 8|1 17 1 12	1 2.0 25.2992
4 5 7|1 17 1	1 2.0 25.2992
4 5|1 17	1 2.0 25.2992
4 5 7 8|1 18 8 158	1 28.0 988.15
4 5 7|1 18 8	1 28.0 988.15
4 5|1 18	1 28.0 988.15
4 5 7 8|1 26 1 13	1 1.0 291.105
4 5 7|1 26 1	1 1.0 291.105
4 5 7 8|1 26 8 149	1 29.0 169.06
4 5 7|1 26 8	1 29.0 169.06
4 5|1 26	2 30.0 460.165
4 5 7 8|1 27 5 89	1 18.0 289.189
4 5 7|1 27 5	1 18.0 289.189
4 5|1 27	1 18.0 289.189
4 5 7 8|1 28 5 96	1 19.0 834.11
4 5 7|1 28 5	1 19.0 834.11
4 5|1 28	1 19.0 834.11
4 5 7 8|1 3 2 23	1 6.0 479.371
4 5 7|1 3 2	1 6.0 479.371
4 5|1 3	1 6.0 479.371
4 5 7 8|1 31 3 53	1 9.0 941.436
4 5 7|1 31 3	1 9.0 941.436
4 5|1 31	1 9.0 941.436
4 5 7 8|1 34 1 15	1 2.0 383.997
4 5 7|1 34 1	1 2.0 383.997
4 5 7 8|1 34 2 32	1 6.0 899.839
4 5 7|1 34 2	1 6.0 899.839
4 5|1 34	2 8.0 1283.836
4 5 7 8|1 36 2 40	1 5.0 943.591
4 5 7|1 36 2	1 5.0 943.591
4 5 7 8|1 36 3 42	1 11.0 490.775
4 5 7|1 36 3	1 11.0 490.775
4 5|1 36	2 16.0 1434.366
4 5 7 8|1 38 1 7	1 1.0 439.03
4 5 7 8|1 38 1 8	1 3.0 842.946
4 5 7|1 38 1	2 4.0 1281.976
4 5 7 8|1 38 2 22	1 6.0 373.419
4 5 7|1 38 2	1 6.0 373.419
4 5|1 38	3 10.0 1655.395
4 5 7 8|1 39 2 31	1 5.0 634.594
4 5 7|1 39 2	1 5.0 634.594
4 5|1 39	1 5.0 634.594
4 5 7 8|1 42 1 1	1 3.0 322.279
4 5 7 8|1 42 1 2	1 3.0 754.418
4 5 7|1 42 1	2 6.0 1076.697
4 5|1 42	2 6.0 1076.697
4 5 7 8|1 45 3 47	1 8.0 764.756
4 5 7|1 45 3	1 8.0 764.756
4 5|1 45	1 8.0 764.756
4 5 7 8|1 47 3 45	1 10.0 794.11
4 5 7 8|1 47 3 48	1 11.0 451.254
4 5 7|1 47 3	2 21.0 1245.364
4 5|1 47	2 21.0 1245.364
4 5 7 8|1 5 1 7	1 3.0 234.266
4 5 7|1 5 1	1 3.0 234.266
4 5|1 5	1 3.0 234.266
4 5 7 8|1 50 2 24	1 6.0 122.139
4 5 7|1 50 2	1 6.0 122.139
4 5 7 8|1 50 5 100	1 18.0 643.338
4 5 7|1 50 5	1 18.0 643.338
4 5|1 50	2 24.0 765.477
4 5 7 8|1 6 1 12	1 2.0 429.344
4 5 7|1 6 1	1 2.0 429.344
4 5|1 6	1 2.0 429.344
4 5 7 8|1 7 2 22	1 6.0 149.146
4 5 7|1 7 2	1 6.0 149.146
4 5|1 7	1 6.0 149.146
4 5 7 8|1 8 3 59	1 9.0 196.359
4 5 7|1 8 3	1 9.0 196.359
4 5|1 8	1 9.0 196.359
4 5 7 8|1 9 3 60	1 10.0 879.42
4 5 7|1 9 3	1 10.0 879.42
4 5|1 9	1 10.0 879.42
4 5 7 8|2 51 3 42	1 9.0 116.599
4 5 7 8|2 51 3 50	1 10.0 764.186
4 5 7 8|2 51 3 52	1 11.0 137.567
4 5 7|2 51 3	3 30.0 1018.352
4 5|2 51	3 30.0 1018.352
4 5 7 8|2 52 2 31	1 4.0 698.03
4 5 7 8|2 52 2 36	1 5.0 362.746
4 5 7|2 52 2	2 9.0 1060.776
4 5 7 8|2 52 3 41	1 8.0 473.788
4 5 7 8|2 52 3 49	1 9.0 80.4501
4 5 7|2 52 3	2 17.0 554.2381
4 5|2 52	4 26.0 1615.0141
4 5 7 8|2 53 1 19	1 2.0 686.159
4 5 7 8|2 53 1 3	1 0.0 406.81
4 5 7|2 53 1	2 2.0 1092.969
4 5|2 53	2 2.0 1092.969
4 5 7 8|2 54 2 24	1 7.0 33.2496
4 5 7 8|2 54 2 25	1 5.0 208.005
4 5 7|2 54 2	2 12.0 241.2546
4 5|2 54	2 12.0 241.2546
4 5 7 8|2 55 2 25	1 6.0 410.092
4 5 7|2 55 2	1 6.0 410.092
4 5 7 8|2 55 3 43	1 9.0 542.868
4 5 7|2 55 3	1 9.0 542.868
4 5 7 8|2 55 8 150	1 29.0 350.717
4 5 7 8|2 55 8 155	1 29.0 389.789
4 5 7|2 55 8	2 58.0 740.506
4 5|2 55	4 73.0 1693.466
4 5 7 8|2 56 10 199	1 38.0 909.528
4 5 7|2 56 10	1 38.0 909.528
4 5 7 8|2 56 2 21	1 5.0 834.997
4 5 7|2 56 2	1 5.0 834.997
4 5 7 8|2 56 3 41	1 9.0 116.919
4 5 7 8|2 56 3 42	1 8.0 847.484
4 5 7|2 56 3	2 17.0 964.403
4 5|2 56	4 60.0 2708.928
4 5 7 8|2 57 2 39	1 7.0 439.57
4 5 7|2 57 2	1 7.0 439.57
4 5 7 8|2 57 3 49	1 10.0 834.462
4 5 7 8|2 57 3 59	2 17.0 1367.726
4 5 7|2 57 3	3 27.0 2202.188
4 5 7 8|2 57 7 123	1 24.0 333.443
4 5 7|2 57 7	1 24.0 333.443
4 5|2 57	5 58.0 2975.201
4 5 7 8|2 58 1 11	1 3.0 391.494
4 5 7 8|2 58 1 13	1 0.0 857.03
4 5 7|2 58 1	2 3.0 1248.524
4 5 7 8|2 58 3 44	1 10.0 227.891
4 5 7|2 58 3	1 10.0 227.891
4 5|2 58	3 13.0 1476.415
4 5 7 8|2 59 1 7	1 1.0 256.708
4 5 7|2 59 1	1 1.0 256.708
4 5 7 8|2 59 2 23	1 4.0 972.67
4 5 7|2 59 2	1 4.0 972.67
4 5 7 8|2 59 6 110	1 21.0 359.112
4 5 7|2 59 6	1 21.0 359.112
4 5|2 59	3 26.0 1588.49
4 5 7 8|2 60 1 18	1 1.0 163.921
4 5 7|2 60 1	1 1.0 163.921
4 5 7 8|2 60 2 21	1 5.0 885.713
4 5 7|2 60 2	1 5.0 885.713
4 5|2 60	2 6.0 1049.634
4 5 7 8|3 100 3 50	1 8.0 985.469
4 5 7|3 100 3	1 8.0 985.469
4 5|3 100	1 8.0 985.469
4 5 7 8|3 61 3 48	1 8.0 928.241
4 5 7|3 61 3	1 8.0 928.241
4 5|3 61	1 8.0 928.241
4 5 7 8|3 62 3 50	1 11.0 280.146
4 5 7|3 62 3	1 11.0 280.146
4 5|3 62	1 11.0 280.146
4 5 7 8|3 63 3 44	1 10.0 148.96
4 5 7 8|3 63 3 53	1 10.0 167.239
4 5 7|3 63 3	2 20.0 316.199
4 5|3 63	2 20.0 316.199
4 5 7 8|3 64 1 16	1 1.0 570.127
4 5 7|3 64 1	1 1.0 570.127
4 5 7 8|3 64 3 45	1 9.0 141.333
4 5 7|3 64 3	1 9.0 141.333
4 5|3 64	2 10.0 711.46
4 5 7 8|3 66 3 43	1 11.0 400.237
4 5 7|3 66 3	1 11.0 400.237
4 5|3 66	1 11.0 400.237
4 5 7 8|3 70 1 4	1 1.0 736.204
4 5 7|3 70 1	1 1.0 736.204
4 5 7 8|3 70 9 168	1 33.0 28.0833
4 5 7|3 70 9	1 33.0 28.0833
4 5|3 70	2 34.0 764.2873
4 5 7 8|3 71 1 1	1 3.0 268.944
4 5 7|3 71 1	1 3.0 268.944
4 5|3 71	1 3.0 268.944
4 5 7 8|3 72 3 53	1 9.0 639.68
4 5 7|3 72 3	1 9.0 639.68
4 5|3 72	1 9.0 639.68
4 5 7 8|3 74 6 114	1 20.0 356.287
4 5 7|3 74 6	1 20.0 356.287
4 5|3 74	1 20.0 356.287
4 5 7 8|3 77 3 50	1 10.0 872.309
4 5 7|3 77 3	1 10.0 872.309
4 5|3 77	1 10.0 872.309
4 5 7 8|3 80 2 33	1 6.0 554.41
4 5 7|3 80 2	1 6.0 554.41
4 5|3 80	1 6.0 554.41
4 5 7 8|3 81 1 9	1 2.0 263.647
4 5 7|3 81 1	1 2.0 263.647
4 5|3 81	1 2.0 263.647
4 5 7 8|3 82 1 7	1 2.0 683.039
4 5 7|3 82 1	1 2.0 683.039
4 5 7 8|3 82 2 32	1 6.0 47.4412
4 5 7|3 82 2	1 6.0 47.4412
4 5|3 82	2 8.0 730.4802
4 5 7 8|3 83 1 6	1 3.0 638.705
4 5 7|3 83 1	1 3.0 638.705
4 5 7 8|3 83 2 29	1 4.0 509.228
4 5 7|3 83 2	1 4.0 509.228
4 5|3 83	2 7.0 1147.933
4 5 7 8|3 84 1 11	1 3.0 594.358
4 5 7|3 84 1	1 3.0 594.358
4 5 7 8|3 84 8 154	1 31.0 665.361
4 5 7|3 84 8	1 31.0 665.361
4 5|3 84	2 34.0 1259.719
4 5 7 8|3 85 2 36	1 4.0 430.213
4 5 7|3 85 2	1 4.0 430.213
4 5|3 85	1 4.0 430.213
4 5 7 8|3 87 1 19	1 1.0 628.627
4 5 7|3 87 1	1 1.0 628.627
4 5|3 87	1 1.0 628.627
4 5 7 8|3 88 1 5	1 1.0 829.145
4 5 7|3 88 1	1 1.0 829.145
4 5|3 88	1 1.0 829.145
4 5 7 8|3 89 3 47	1 8.0 950.354
4 5 7|3 89 3	1 8.0 950.354
4 5|3 89	1 8.0 950.354
4 5 7 8|3 93 1 14	1 2.0 653.431
4 5 7|3 93 1	1 2.0 653.431
4 5 7 8|3 93 2 34	1 5.0 11.2129
4 5 7|3 93 2	1 5.0 11.2129
4 5 7 8|3 93 3 41	1 11.0 857.972
4 5 7|3 93 3	1 11.0 857.972
4 5|3 93	3 18.0 1522.6159
4 5 7 8|3 96 1 18	1 0.0 758.44
4 5 7|3 96 1	1 0.0 758.44
4 5|3 96	1 0.0 758.44
4 5 7 8|3 98 2 21	1 5.0 745.338
4 5 7|3 98 2	1 5.0 745.338
4 5|3 98	1 5.0 745.338
4 5|3 99	1 0.0 874.714
4 5|3 99	1 0.0 874.714
4 5|3 99	1 0.0 874.714
7 8|1 1	2 6.0 591.223
7 8|1 11	2 6.0 985.852
7 8|1 12	2 4.0 454.6432
7 8|1 13	2 1.0 1148.135
7 8|1 14	1 2.0 653.431
7 8|1 15	1 2.0 383.997
7 8|1 16	1 1.0 570.127
7 8|1 18	2 1.0 922.361
7 8|1 19	2 3.0 1314.786
7 8|1 2	1 3.0 754.418
7 8|1 3	1 0.0 406.81
7 8|1 4	2 1.0 1570.338
7 8|1 5	1 1.0 829.145
7 8|1 6	1 3.0 638.705
7 8|1 7	4 7.0 1613.043
7 8|1 8	2 3.0 1717.66
7 8|1 9	1 2.0 263.647
7|1	28 46.0 14818.3212
7 8|10 199	1 38.0 909.528
7|10	1 38.0 909.528
7 8|2 21	4 20.0 3361.067
7 8|2 22	2 12.0 522.565
7 8|2 23	3 15.0 2126.888
7 8|2 24	2 13.0 155.3886
7 8|2 25	2 11.0 618.097
7 8|2 29	1 4.0 509.228
7 8|2 31	2 9.0 1332.624
7 8|2 32	2 12.0 947.2802
7 8|2 33	1 6.0 554.41
7 8|2 34	1 5.0 11.2129
7 8|2 36	3 16.0 992.8
7 8|2 37	1 6.0 43.6247
7 8|2 39	1 7.0 439.57
7 8|2 40	1 5.0 943.591
7|2	26 141.0 12558.3464
7 8|3 41	3 28.0 1448.679
7 8|3 42	4 39.0 2342.263
7 8|3 43	2 20.0 943.105
7 8|3 44	2 20.0 376.851
7 8|3 45	2 19.0 935.443
7 8|3 47	2 16.0 1715.11
7 8|3 48	2 19.0 1379.495
7 8|3 49	2 19.0 914.9121
7 8|3 50	4 39.0 2902.11
7 8|3 52	2 21.0 984.566
7 8|3 53	4 39.0 2327.129
7 8|3 59	3 26.0 1564.085
7 8|3 60	1 10.0 879.42
7|3	33 315.0 18713.1681
7 8|5 100	1 18.0 643.338
7 8|5 89	1 18.0 289.189
7 8|5 96	1 19.0 834.11
7|5	3 55.0 1766.637
7 8|6 110	1 21.0 359.112
7 8|6 114	1 20.0 356.287
7|6	2 41.0 715.399
7 8|7 123	1 24.0 333.443
7|7	1 24.0 333.443
7 8|8 149	1 29.0 169.06
7 8|8 150	1 29.0 350.717
7 8|8 154	1 31.0 665.361
7 8|8 155	1 29.0 389.789
7 8|8 158	1 28.0 988.15
7|8	5 146.0 2563.077
|	100 839.0 52406.003
|	100 839.0 52406.003
|	100 839.0 52406.003
