3 4 5 6 7 8|0 1 1 1826 2 36	1 7.0 199.841
3 4 5 6 7|0 1 1 1826 2	1 7.0 199.841
3 4 5 6|0 1 1 1826	1 7.0 199.841
3 4 5 6 7 8|0 1 10 488 1 4	1 0.0 834.134
3 4 5 6 7|0 1 10 488 1	1 0.0 834.134
3 4 5 6|0 1 10 488	1 0.0 834.134
3 4 5 6 7 8|0 1 11 108 3 53	1 11.0 578.774
3 4 5 6 7|0 1 11 108 3	1 11.0 578.774
3 4 5 6|0 1 11 108	1 11.0 578.774
3 4 5 6 7 8|0 1 15 1175 3 42	1 11.0 887.405
3 4 5 6 7|0 1 15 1175 3	1 11.0 887.405
3 4 5 6|0 1 15 1175	1 11.0 887.405
3 4 5 6 7 8|0 1 18 1885 8 158	1 28.0 988.15
3 4 5 6 7|0 1 18 1885 8	1 28.0 988.15
3 4 5 6|0 1 18 1885	1 28.0 988.15
3 4 5 6 7 8|0 1 34 825 1 15	1 2.0 383.997
3 4 5 6 7|0 1 34 825 1	1 2.0 383.997
3 4 5 6|0 1 34 825	1 2.0 383.997
3 4 5 6 7 8|0 1 36 1115 3 42	1 11.0 490.775
3 4 5 6 7|0 1 36 1115 3	1 11.0 490.775
3 4 5 6|0 1 36 1115	1 11.0 490.775
3 4 5 6 7 8|0 1 39 218 2 31	1 5.0 634.594
3 4 5 6 7|0 1 39 218 2	1 5.0 634.594
3 4 5 6|0 1 39 218	1 5.0 634.594
3 4 5 6 7 8|0 1 42 1327 1 2	1 3.0 754.418
3 4 5 6 7|0 1 42 1327 1	1 3.0 754.418
3 4 5 6|0 1 42 1327	1 3.0 754.418
3 4 5 6 7 8|0 1 47 1875 3 45	1 10.0 794.11
3 4 5 6 7|0 1 47 1875 3	1 10.0 794.11
3 4 5 6|0 1 47 1875	1 10.0 794.11
3 4 5 6 7 8|0 1 50 208 5 100	1 18.0 643.338
3 4 5 6 7|0 1 50 208 5	1 18.0 643.338
3 4 5 6|0 1 50 208	1 18.0 643.338
3 4 5 6 7 8|0 2 51 2089 3 42	1 9.0 116.599
3 4 5 6 7|0 2 51 2089 3	1 9.0 116.599
3 4 5 6|0 2 51 2089	1 9.0 116.599
3 4 5 6 7 8|0 2 52 2263 2 36	1 5.0 362.746
3 4 5 6 7|0 2 52 2263 2	1 5.0 362.746
3 4 5 6|0 2 52 2263	1 5.0 362.746
3 4 5 6 7 8|0 2 53 2269 1 3	1 0.0 406.81
3 4 5 6 7|0 2 53 2269 1	1 0.0 406.81
3 4 5 6|0 2 53 2269	1 0.0 406.81
3 4 5 6 7 8|0 2 53 2474 1 19	1 2.0 686.159
3 4 5 6 7|0 2 53 2474 1	1 2.0 686.159
3 4 5 6|0 2 53 2474	1 2.0 686.159
3 4 5 6 7 8|0 2 55 2499 8 150	1 29.0 350.717
3 4 5 6 7|0 2 55 2499 8	1 29.0 350.717
3 4 5 6|0 2 55 2499	1 29.0 350.717
3 4 5 6 7 8|0 2 56 2024 2 21	1 5.0 834.997
3 4 5 6 7|0 2 56 2024 2	1 5.0 834.997
3 4 5 6|0 2 56 2024	1 5.0 834.997
3 4 5 6 7 8|0 2 56 2392 10 199	1 38.0 909.528
3 4 5 6 7|0 2 56 2392 10	1 38.0 909.528
3 4 5 6|0 2 56 2392	1 38.0 909.528
3 4 5 6 7 8|0 2 57 2235 3 59	1 8.0 544.978
3 4 5 6 7|0 2 57 2235 3	1 8.0 544.978
3 4 5 6|0 2 57 2235	1 8.0 544.978
3 4 5 6 7 8|0 2 57 2270 3 49	1 10.0 834.462
3 4 5 6 7|0 2 57 2270 3	1 10.0 834.462
3 4 5 6|0 2 57 2270	1 10.0 834.462
3 4 5 6 7 8|0 2 58 2092 1 13	1 0.0 857.03
3 4 5 6 7|0 2 58 2092 1	1 0.0 857.03
3 4 5 6|0 2 58 2092	1 0.0 857.03
3 4 5 6 7 8|0 2 58 2167 3 44	1 10.0 227.891
3 4 5 6 7|0 2 58 2167 3	1 10.0 227.891
3 4 5 6|0 2 58 2167	1 10.0 227.891
3 4 5 6 7 8|0 2 59 2297 2 23	1 4.0 972.67
3 4 5 6 7|0 2 59 2297 2	1 4.0 972.67
3 4 5 6|0 2 59 2297	1 4.0 972.67
3 4 5 6 7 8|0 2 59 2486 1 7	1 1.0 256.708
3 4 5 6 7|0 2 59 2486 1	1 1.0 256.708
3 4 5 6|0 2 59 2486	1 1.0 256.708
3 4 5 6 7 8|0 3 62 2986 3 50	1 11.0 280.146
3 4 5 6 7|0 3 62 2986 3	1 11.0 280.146
3 4 5 6|0 3 62 2986	1 11.0 280.146
3 4 5 6 7 8|0 3 64 3212 3 45	1 9.0 141.333
3 4 5 6 7|0 3 64 3212 3	1 9.0 141.333
3 4 5 6|0 3 64 3212	1 9.0 141.333
3 4 5 6 7 8|0 3 64 3547 1 16	1 1.0 570.127
3 4 5 6 7|0 3 64 3547 1	1 1.0 570.127
3 4 5 6|0 3 64 3547	1 1.0 570.127
3 4 5 6 7 8|0 3 70 3951 9 168	1 33.0 28.0833
3 4 5 6 7|0 3 70 3951 9	1 33.0 28.0833
3 4 5 6|0 3 70 3951	1 33.0 28.0833
3 4 5 6 7 8|0 3 72 3971 3 53	1 9.0 639.68
3 4 5 6 7|0 3 72 3971 3	1 9.0 639.68
3 4 5 6|0 3 72 3971	1 9.0 639.68
3 4 5 6 7 8|0 3 81 2584 1 9	1 2.0 263.647
3 4 5 6 7|0 3 81 2584 1	1 2.0 263.647
3 4 5 6|0 3 81 2584	1 2.0 263.647
3 4 5 6 7 8|0 3 82 3463 1 7	1 2.0 683.039
3 4 5 6 7|0 3 82 3463 1	1 2.0 683.039
3 4 5 6|0 3 82 3463	1 2.0 683.039
3 4 5 6 7 8|0 3 83 3289 2 29	1 4.0 509.228
3 4 5 6 7|0 3 83 3289 2	1 4.0 509.228
3 4 5 6|0 3 83 3289	1 4.0 509.228
3 4 5 6 7 8|0 3 84 3828 8 154	1 31.0 665.361
3 4 5 6 7|0 3 84 3828 8	1 31.0 665.361
3 4 5 6|0 3 84 3828	1 31.0 665.361
3 4 5 6 7 8|0 3 87 3933 1 19	1 1.0 628.627
3 4 5 6 7|0 3 87 3933 1	1 1.0 628.627
3 4 5 6|0 3 87 3933	1 1.0 628.627
3 4 5 6 7 8|0 3 88 3688 1 5	1 1.0 829.145
3 4 5 6 7|0 3 88 3688 1	1 1.0 829.145
3 4 5 6|0 3 88 3688	1 1.0 829.145
3 4 5 6 7 8|0 3 93 3022 2 34	1 5.0 11.2129
3 4 5 6 7|0 3 93 3022 2	1 5.0 11.2129
3 4 5 6|0 3 93 3022	1 5.0 11.2129
3 4 5 6 7 8|0 3 98 2948 2 21	1 5.0 745.338
3 4 5 6 7|0 3 98 2948 2	1 5.0 745.338
3 4 5 6|0 3 98 2948	1 5.0 745.338
3 4 5 6 7 8|0 3 99 3745 1 8	1 0.0 874.714
3 4 5 6 7|0 3 99 3745 1	1 0.0 874.714
3 4 5 6|0 3 99 3745	1 0.0 874.714
3 4 5 6 7 8|1 1 1 1018 2 21	1 5.0 895.019
3 4 5 6 7|1 1 1 1018 2	1 5.0 895.019
3 4 5 6|1 1 1 1018	1 5.0 895.019
3 4 5 6 7 8|1 1 11 96 3 52	1 10.0 846.999
3 4 5 6 7|1 1 11 96 3	1 10.0 846.999
3 4 5 6|1 1 11 96	1 10.0 846.999
3 4 5 6 7 8|1 1 13 1440 2 23	1 5.0 674.847
3 4 5 6 7|1 1 13 1440 2	1 5.0 674.847
3 4 5 6|1 1 13 1440	1 5.0 674.847
3 4 5 6 7 8|1 1 16 1980 2 37	1 6.0 43.6247
3 4 5 6 7|1 1 16 1980 2	1 6.0 43.6247
3 4 5 6|1 1 16 1980	1 6.0 43.6247
3 4 5 6 7 8|1 1 17 240 1 12	1 2.0 25.2992
3 4 5 6 7|1 1 17 240 1	1 2.0 25.2992
3 4 5 6|1 1 17 240	1 2.0 25.2992
3 4 5 6 7 8|1 1 26 1032 8 149	1 29.0 169.06
3 4 5 6 7|1 1 26 1032 8	1 29.0 169.06
3 4 5 6|1 1 26 1032	1 29.0 169.06
3 4 5 6 7 8|1 1 26 557 1 13	1 1.0 291.105
3 4 5 6 7|1 1 26 557 1	1 1.0 291.105
3 4 5 6|1 1 26 557	1 1.0 291.105
3 4 5 6 7 8|1 1 27 772 5 89	1 18.0 289.189
3 4 5 6 7|1 1 27 772 5	1 18.0 289.189
3 4 5 6|1 1 27 772	1 18.0 289.189
3 4 5 6 7 8|1 1 28 347 5 96	1 19.0 834.11
3 4 5 6 7|1 1 28 347 5	1 19.0 834.11
3 4 5 6|1 1 28 347	1 19.0 834.11
3 4 5 6 7 8|1 1 3 1743 2 23	1 6.0 479.371
3 4 5 6 7|1 1 3 1743 2	1 6.0 479.371
3 4 5 6|1 1 3 1743	1 6.0 479.371
3 4 5 6 7 8|1 1 31 548 3 53	1 9.0 941.436
3 4 5 6 7|1 1 31 548 3	1 9.0 941.436
3 4 5 6|1 1 31 548	1 9.0 941.436
3 4 5 6 7 8|1 1 34 842 2 32	1 6.0 899.839
3 4 5 6 7|1 1 34 842 2	1 6.0 899.839
3 4 5 6|1 1 34 842	1 6.0 899.839
3 4 5 6 7 8|1 1 36 1542 2 40	1 5.0 943.591
3 4 5 6 7|1 1 36 1542 2	1 5.0 943.591
3 4 5 6|1 1 36 1542	1 5.0 943.591
3 4 5 6 7 8|1 1 38 1260 1 7	1 1.0 439.03
3 4 5 6 7|1 1 38 1260 1	1 1.0 439.03
3 4 5 6|1 1 38 1260	1 1.0 439.03
3 4 5 6 7 8|1 1 38 639 1 8	1 3.0 842.946
3 4 5 6 7|1 1 38 639 1	1 3.0 842.946
3 4 5 6|1 1 38 639	1 3.0 842.946
3 4 5 6 7 8|1 1 38 907 2 22	1 6.0 373.419
3 4 5 6 7|1 1 38 907 2	1 6.0 373.419
3 4 5 6|1 1 38 907	1 6.0 373.419
3 4 5 6 7 8|1 1 42 1211 1 1	1 3.0 322.279
3 4 5 6 7|1 1 42 1211 1	1 3.0 322.279
3 4 5 6|1 1 42 1211	1 3.0 322.279
3 4 5 6 7 8|1 1 45 742 3 47	1 8.0 764.756
3 4 5 6 7|1 1 45 742 3	1 8.0 764.756
3 4 5 6|1 1 45 742	1 8.0 764.756
3 4 5 6 7 8|1 1 47 1595 3 48	1 11.0 451.254
3 4 5 6 7|1 1 47 1595 3	1 11.0 451.254
3 4 5 6|1 1 47 1595	1 11.0 451.254
3 4 5 6 7 8|1 1 5 1598 1 7	1 3.0 234.266
3 4 5 6 7|1 1 5 1598 1	1 3.0 234.266
3 4 5 6|1 1 5 1598	1 3.0 234.266
3 4 5 6 7 8|1 1 50 1513 2 24	1 6.0 122.139
3 4 5 6 7|1 1 50 1513 2	1 6.0 122.139
3 4 5 6|1 1 50 1513	1 6.0 122.139
3 4 5 6 7 8|1 1 6 1525 1 12	1 2.0 429.344
3 4 5 6 7|1 1 6 1525 1	1 2.0 429.344
3 4 5 6|1 1 6 1525	1 2.0 429.344
3 4 5 6 7 8|1 1 7 715 2 22	1 6.0 149.146
3 4 5 6 7|1 1 7 715 2	1 6.0 149.146
3 4 5 6|1 1 7 715	1 6.0 149.146
3 4 5 6 7 8|1 1 8 921 3 59	1 9.0 196.359
3 4 5 6 7|1 1 8 921 3	1 9.0 196.359
3 4 5 6|1 1 8 921	1 9.0 196.359
3 4 5 6 7 8|1 1 9 1921 3 60	1 10.0 879.42
3 4 5 6 7|1 1 9 1921 3	1 10.0 879.42
3 4 5 6|1 1 9 1921	1 10.0 879.42
3 4 5 6 7 8|1 2 51 2195 3 52	1 11.0 137.567
3 4 5 6 7|1 2 51 2195 3	1 11.0 137.567
3 4 5 6|1 2 51 2195	1 11.0 137.567
3 4 5 6 7 8|1 2 51 2254 3 50	1 10.0 764.186
3 4 5 6 7|1 2 51 2254 3	1 10.0 764.186
3 4 5 6|1 2 51 2254	1 10.0 764.186
3 4 5 6 7 8|1 2 52 2092 3 41	1 8.0 473.788
3 4 5 6 7|1 2 52 2092 3	1 8.0 473.788
3 4 5 6|1 2 52 2092	1 8.0 473.788
3 4 5 6 7 8|1 2 52 2274 3 49	1 9.0 80.4501
3 4 5 6 7|1 2 52 2274 3	1 9.0 80.4501
3 4 5 6|1 2 52 2274	1 9.0 80.4501
3 4 5 6 7 8|1 2 52 2308 2 31	1 4.0 698.03
3 4 5 6 7|1 2 52 2308 2	1 4.0 698.03
3 4 5 6|1 2 52 2308	1 4.0 698.03
3 4 5 6 7 8|1 2 54 2222 2 24	1 7.0 33.2496
3 4 5 6 7|1 2 54 2222 2	1 7.0 33.2496
3 4 5 6|1 2 54 2222	1 7.0 33.2496
3 4 5 6 7 8|1 2 54 2305 2 25	1 5.0 208.005
3 4 5 6 7|1 2 54 2305 2	1 5.0 208.005
3 4 5 6|1 2 54 2305	1 5.0 208.005
3 4 5 6 7 8|1 2 55 2002 8 155	1 29.0 389.789
3 4 5 6 7|1 2 55 2002 8	1 29.0 389.789
3 4 5 6|1 2 55 2002	1 29.0 389.789
3 4 5 6 7 8|1 2 55 2405 2 25	1 6.0 410.092
3 4 5 6 7|1 2 55 2405 2	1 6.0 410.092
3 4 5 6 7 8|1 2 55 2405 3 43	1 9.0 542.868
3 4 5 6 7|1 2 55 2405 3	1 9.0 542.868
3 4 5 6|1 2 55 2405	2 15.0 952.96
3 4 5 6 7 8|1 2 56 2025 3 42	1 8.0 847.484
3 4 5 6 7|1 2 56 2025 3	1 8.0 847.484
3 4 5 6|1 2 56 2025	1 8.0 847.484
3 4 5 6 7 8|1 2 56 2422 3 41	1 9.0 116.919
3 4 5 6 7|1 2 56 2422 3	1 9.0 116.919
3 4 5 6|1 2 56 2422	1 9.0 116.919
3 4 5 6 7 8|1 2 57 2162 7 123	1 24.0 333.443
3 4 5 6 7|1 2 57 2162 7	1 24.0 333.443
3 4 5 6|1 2 57 2162	1 24.0 333.443
3 4 5 6 7 8|1 2 57 2268 2 39	1 7.0 439.57
3 4 5 6 7|1 2 57 2268 2	1 7.0 439.57
3 4 5 6|1 2 57 2268	1 7.0 439.57
3 4 5 6 7 8|1 2 57 2462 3 59	1 9.0 822.748
3 4 5 6 7|1 2 57 2462 3	1 9.0 822.748
3 4 5 6|1 2 57 2462	1 9.0 822.748
3 4 5 6 7 8|1 2 58 2471 1 11	1 3.0 391.494
3 4 5 6 7|1 2 58 2471 1	1 3.0 391.494
3 4 5 6|1 2 58 2471	1 3.0 391.494
3 4 5 6 7 8|1 2 59 2159 6 110	1 21.0 359.112
3 4 5 6 7|1 2 59 2159 6	1 21.0 359.112
3 4 5 6|1 2 59 2159	1 21.0 359.112
3 4 5 6 7 8|1 2 60 2013 1 18	1 1.0 163.921
3 4 5 6 7|1 2 60 2013 1	1 1.0 163.921
3 4 5 6|1 2 60 2013	1 1.0 163.921
3 4 5 6 7 8|1 2 60 2426 2 21	1 5.0 885.713
3 4 5 6 7|1 2 60 2426 2	1 5.0 885.713
3 4 5 6|1 2 60 2426	1 5.0 885.713
3 4 5 6 7 8|1 3 100 3356 3 50	1 8.0 985.469
3 4 5 6 7|1 3 100 3356 3	1 8.0 985.469
3 4 5 6|1 3 100 3356	1 8.0 985.469
3 4 5 6 7 8|1 3 61 2621 3 48	1 8.0 928.241
3 4 5 6 7|1 3 61 2621 3	1 8.0 928.241
3 4 5 6|1 3 61 2621	1 8.0 928.241
3 4 5 6 7 8|1 3 63 2530 3 53	1 10.0 167.239
3 4 5 6 7|1 3 63 2530 3	1 10.0 167.239
3 4 5 6|1 3 63 2530	1 10.0 167.239
3 4 5 6 7 8|1 3 63 3741 3 44	1 10.0 148.96
3 4 5 6 7|1 3 63 3741 3	1 10.0 148.96
3 4 5 6|1 3 63 3741	1 10.0 148.96
3 4 5 6 7 8|1 3 66 3390 3 43	1 11.0 400.237
3 4 5 6 7|1 3 66 3390 3	1 11.0 400.237
3 4 5 6|1 3 66 3390	1 11.0 400.237
3 4 5 6 7 8|1 3 70 2730 1 4	1 1.0 736.204
3 4 5 6 7|1 3 70 2730 1	1 1.0 736.204
3 4 5 6|1 3 70 2730	1 1.0 736.204
3 4 5 6 7 8|1 3 71 3840 1 1	1 3.0 268.944
3 4 5 6 7|1 3 71 3840 1	1 3.0 268.944
3 4 5 6|1 3 71 3840	1 3.0 268.944
3 4 5 6 7 8|1 3 74 2669 6 114	1 20.0 356.287
3 4 5 6 7|1 3 74 2669 6	1 20.0 356.287
3 4 5 6|1 3 74 2669	1 20.0 356.287
3 4 5 6 7 8|1 3 77 3471 3 50	1 10.0 872.309
3 4 5 6 7|1 3 77 3471 3	1 10.0 872.309
3 4 5 6|1 3 77 3471	1 10.0 872.309
3 4 5 6 7 8|1 3 80 3109 2 33	1 6.0 554.41
3 4 5 6 7|1 3 80 3109 2	1 6.0 554.41
3 4 5 6|1 3 80 3109	1 6.0 554.41
3 4 5 6 7 8|1 3 82 2830 2 32	1 6.0 47.4412
3 4 5 6 7|1 3 82 2830 2	1 6.0 47.4412
3 4 5 6|1 3 82 2830	1 6.0 47.4412
3 4 5 6 7 8|1 3 83 2834 1 6	1 3.0 638.705
3 4 5 6 7|1 3 83 2834 1	1 3.0 638.705
3 4 5 6|1 3 83 2834	1 3.0 638.705
3 4 5 6 7 8|1 3 84 3105 1 11	1 3.0 594.358
3 4 5 6 7|1 3 84 3105 1	1 3.0 594.358
3 4 5 6|1 3 84 3105	1 3.0 594.358
3 4 5 6 7 8|1 3 85 3816 2 36	1 4.0 430.213
3 4 5 6 7|1 3 85 3816 2	1 4.0 430.213
3 4 5 6|1 3 85 3816	1 4.0 430.213
3 4 5 6 7 8|1 3 89 3434 3 47	1 8.0 950.354
3 4 5 6 7|1 3 89 3434 3	1 8.0 950.354
3 4 5 6|1 3 89 3434	1 8.0 950.354
3 4 5 6 7 8|1 3 93 2992 3 41	1 11.0 857.972
3 4 5 6 7|1 3 93 2992 3	1 11.0 857.972
3 4 5 6|1 3 93 2992	1 11.0 857.972
3 4 5 6 7 8|1 3 93 3734 1 14	1 2.0 653.431
3 4 5 6 7|1 3 93 3734 1	1 2.0 653.431
3 4 5 6|1 3 93 3734	1 2.0 653.431
3 4 5 6|1 3 96 3319	1 0.0 758.44
3 4 5 6|1 3 96 3319	1 0.0 758.44
3 4 5 6|1 3 96 3319	1 0.0 758.44
3 4 7 8|0 1 1 15	1 2.0 383.997
3 4 7 8|0 1 1 2	1 3.0 754.418
3 4 7 8|0 1 1 4	1 0.0 834.134
3 4 7|0 1 1	3 5.0 1972.549
3 4 7 8|0 1 2 31	1 5.0 634.594
3 4 7 8|0 1 2 36	1 7.0 199.841
3 4 7|0 1 2	2 12.0 834.435
3 4 7 8|0 1 3 42	2 22.0 1378.18
3 4 7 8|0 1 3 45	1 10.0 794.11
3 4 7 8|0 1 3 53	1 11.0 578.774
3 4 7|0 1 3	4 43.0 2751.064
3 4 7 8|0 1 5 100	1 18.0 643.338
3 4 7|0 1 5	1 18.0 643.338
3 4 7 8|0 1 8 158	1 28.0 988.15
3 4 7|0 1 8	1 28.0 988.15
3 4|0 1	11 106.0 7189.536
3 4 7 8|0 2 1 13	1 0.0 857.03
3 4 7 8|0 2 1 19	1 2.0 686.159
3 4 7 8|0 2 1 3	1 0.0 406.81
3 4 7 8|0 2 1 7	1 1.0 256.708
3 4 7|0 2 1	4 3.0 2206.707
3 4 7 8|0 2 10 199	1 38.0 909.528
3 4 7|0 2 10	1 38.0 909.528
3 4 7 8|0 2 2 21	1 5.0 834.997
3 4 7 8|0 2 2 23	1 4.0 972.67
3 4 7 8|0 2 2 36	1 5.0 362.746
3 4 7|0 2 2	3 14.0 2170.413
3 4 7 8|0 2 3 42	1 9.0 116.599
3 4 7 8|0 2 3 44	1 10.0 227.891
3 4 7 8|0 2 3 49	1 10.0 834.462
3 4 7 8|0 2 3 59	1 8.0 544.978
3 4 7|0 2 3	4 37.0 1723.93
3 4 7 8|0 2 8 150	1 29.0 350.717
3 4 7|0 2 8	1 29.0 350.717
3 4|0 2	13 121.0 7361.295
3 4 7 8|0 3 1 16	1 1.0 570.127
3 4 7 8|0 3 1 19	1 1.0 628.627
3 4 7 8|0 3 1 5	1 1.0 829.145
3 4 7 8|0 3 1 7	1 2.0 683.039
3 4 7 8|0 3 1 8	1 0.0 874.714
3 4 7 8|0 3 1 9	1 2.0 263.647
3 4 7|0 3 1	6 7.0 3849.299
3 4 7 8|0 3 2 21	1 5.0 745.338
3 4 7 8|0 3 2 29	1 4.0 509.228
3 4 7 8|0 3 2 34	1 5.0 11.2129
3 4 7|0 3 2	3 14.0 1265.7789
3 4 7 8|0 3 3 45	1 9.0 141.333
3 4 7 8|0 3 3 50	1 11.0 280.146
3 4 7 8|0 3 3 53	1 9.0 639.68
3 4 7|0 3 3	3 29.0 1061.159
3 4 7 8|0 3 8 154	1 31.0 665.361
3 4 7|0 3 8	1 31.0 665.361
3 4 7 8|0 3 9 168	1 33.0 28.0833
3 4 7|0 3 9	1 33.0 28.0833
3 4|0 3	14 114.0 6869.6812
3 4 7 8|1 1 1 1	1 3.0 322.279
3 4 7 8|1 1 1 12	2 4.0 454.6432
3 4 7 8|1 1 1 13	1 1.0 291.105
3 4 7 8|1 1 1 7	2 4.0 673.296
3 4 7 8|1 1 1 8	1 3.0 842.946
3 4 7|1 1 1	7 15.0 2584.2692
3 4 7 8|1 1 2 21	1 5.0 895.019
3 4 7 8|1 1 2 22	2 12.0 522.565
3 4 7 8|1 1 2 23	2 11.0 1154.218
3 4 7 8|1 1 2 24	1 6.0 122.139
3 4 7 8|1 1 2 32	1 6.0 899.839
3 4 7 8|1 1 2 37	1 6.0 43.6247
3 4 7 8|1 1 2 40	1 5.0 943.591
3 4 7|1 1 2	9 51.0 4580.9957
3 4 7 8|1 1 3 47	1 8.0 764.756
3 4 7 8|1 1 3 48	1 11.0 451.254
3 4 7 8|1 1 3 52	1 10.0 846.999
3 4 7 8|1 1 3 53	1 9.0 941.436
3 4 7 8|1 1 3 59	1 9.0 196.359
3 4 7 8|1 1 3 60	1 10.0 879.42
3 4 7|1 1 3	6 57.0 4080.224
3 4 7 8|1 1 5 89	1 18.0 289.189
3 4 7 8|1 1 5 96	1 19.0 834.11
3 4 7|1 1 5	2 37.0 1123.299
3 4 7 8|1 1 8 149	1 29.0 169.06
3 4 7|1 1 8	1 29.0 169.06
3 4|1 1	25 189.0 12537.8479
3 4 7 8|1 2 1 11	1 3.0 391.494
3 4 7 8|1 2 1 18	1 1.0 163.921
3 4 7|1 2 1	2 4.0 555.415
3 4 7 8|1 2 2 21	1 5.0 885.713
3 4 7 8|1 2 2 24	1 7.0 33.2496
3 4 7 8|1 2 2 25	2 11.0 618.097
3 4 7 8|1 2 2 31	1 4.0 698.03
3 4 7 8|1 2 2 39	1 7.0 439.57
3 4 7|1 2 2	6 34.0 2674.6596
3 4 7 8|1 2 3 41	2 17.0 590.707
3 4 7 8|1 2 3 42	1 8.0 847.484
3 4 7 8|1 2 3 43	1 9.0 542.868
3 4 7 8|1 2 3 49	1 9.0 80.4501
3 4 7 8|1 2 3 50	1 10.0 764.186
3 4 7 8|1 2 3 52	1 11.0 137.567
3 4 7 8|1 2 3 59	1 9.0 822.748
3 4 7|1 2 3	8 73.0 3786.0101
3 4 7 8|1 2 6 110	1 21.0 359.112
3 4 7|1 2 6	1 21.0 359.112
3 4 7 8|1 2 7 123	1 24.0 333.443
3 4 7|1 2 7	1 24.0 333.443
3 4 7 8|1 2 8 155	1 29.0 389.789
3 4 7|1 2 8	1 29.0 389.789
3 4|1 2	19 185.0 8098.4287
3 4 7 8|1 3 1 1	1 3.0 268.944
3 4 7 8|1 3 1 11	1 3.0 594.358
3 4 7 8|1 3 1 14	1 2.0 653.431
3 4 7 8|1 3 1 18	1 0.0 758.44
3 4 7 8|1 3 1 4	1 1.0 736.204
3 4 7 8|1 3 1 6	1 3.0 638.705
3 4 7|1 3 1	6 12.0 3650.082
3 4 7 8|1 3 2 32	1 6.0 47.4412
3 4 7 8|1 3 2 33	1 6.0 554.41
3 4 7 8|1 3 2 36	1 4.0 430.213
3 4 7|1 3 2	3 16.0 1032.0642
3 4 7 8|1 3 3 41	1 11.0 857.972
3 4 7 8|1 3 3 43	1 11.0 400.237
3 4 7 8|1 3 3 44	1 10.0 148.96
3 4 7 8|1 3 3 47	1 8.0 950.354
3 4 7 8|1 3 3 48	1 8.0 928.241
3 4 7 8|1 3 3 50	2 18.0 1857.778
3 4 7 8|1 3 3 53	1 10.0 167.239
3 4 7|1 3 3	8 76.0 5310.781
3 4|1 3	18 124.0 10349.2142
3 4|1 3	18 124.0 10349.2142
3 4|1 3	18 124.0 10349.2142
4 5 6 7 8|1 1 1018 2 21	1 5.0 895.019
4 5 6 7|1 1 1018 2	1 5.0 895.019
4 5 6|1 1 1018	1 5.0 895.019
4 5 6 7 8|1 1 1826 2 36	1 7.0 199.841
4 5 6 7|1 1 1826 2	1 7.0 199.841
4 5 6|1 1 1826	1 7.0 199.841
4 5 6 7 8|1 10 488 1 4	1 0.0 834.134
4 5 6 7|1 10 488 1	1 0.0 834.134
4 5 6|1 10 488	1 0.0 834.134
4 5 6 7 8|1 11 108 3 53	1 11.0 578.774
4 5 6 7|1 11 108 3	1 11.0 578.774
4 5 6|1 11 108	1 11.0 578.774
4 5 6 7 8|1 11 96 3 52	1 10.0 846.999
4 5 6 7|1 11 96 3	1 10.0 846.999
4 5 6|1 11 96	1 10.0 846.999
4 5 6 7 8|1 13 1440 2 23	1 5.0 674.847
4 5 6 7|1 13 1440 2	1 5.0 674.847
4 5 6|1 13 1440	1 5.0 674.847
4 5 6 7 8|1 15 1175 3 42	1 11.0 887.405
4 5 6 7|1 15 1175 3	1 11.0 887.405
4 5 6|1 15 1175	1 11.0 887.405
4 5 6 7 8|1 16 1980 2 37	1 6.0 43.6247
4 5 6 7|1 16 1980 2	1 6.0 43.6247
4 5 6|1 16 1980	1 6.0 43.6247
4 5 6 7 8|1 17 240 1 12	1 2.0 25.2992
4 5 6 7|1 17 240 1	1 2.0 25.2992
4 5 6|1 17 240	1 2.0 25.2992
4 5 6 7 8|1 18 1885 8 158	1 28.0 988.15
4 5 6 7|1 18 1885 8	1 28.0 988.15
4 5 6|1 18 1885	1 28.0 988.15
4 5 6 7 8|1 26 1032 8 149	1 29.0 169.06
4 5 6 7|1 26 1032 8	1 29.0 169.06
4 5 6|1 26 1032	1 29.0 169.06
4 5 6 7 8|1 26 557 1 13	1 1.0 291.105
4 5 6 7|1 26 557 1	1 1.0 291.105
4 5 6|1 26 557	1 1.0 291.105
4 5 6 7 8|1 27 772 5 89	1 18.0 289.189
4 5 6 7|1 27 772 5	1 18.0 289.189
4 5 6|1 27 772	1 18.0 289.189
4 5 6 7 8|1 28 347 5 96	1 19.0 834.11
4 5 6 7|1 28 347 5	1 19.0 834.11
4 5 6|1 28 347	1 19.0 834.11
4 5 6 7 8|1 3 1743 2 23	1 6.0 479.371
4 5 6 7|1 3 1743 2	1 6.0 479.371
4 5 6|1 3 1743	1 6.0 479.371
4 5 6 7 8|1 31 548 3 53	1 9.0 941.436
4 5 6 7|1 31 548 3	1 9.0 941.436
4 5 6|1 31 548	1 9.0 941.436
4 5 6 7 8|1 34 825 1 15	1 2.0 383.997
4 5 6 7|1 34 825 1	1 2.0 383.997
4 5 6|1 34 825	1 2.0 383.997
4 5 6 7 8|1 34 842 2 32	1 6.0 899.839
4 5 6 7|1 34 842 2	1 6.0 899.839
4 5 6|1 34 842	1 6.0 899.839
4 5 6 7 8|1 36 1115 3 42	1 11.0 490.775
4 5 6 7|1 36 1115 3	1 11.0 490.775
4 5 6|1 36 1115	1 11.0 490.775
4 5 6 7 8|1 36 1542 2 40	1 5.0 943.591
4 5 6 7|1 36 1542 2	1 5.0 943.591
4 5 6|1 36 1542	1 5.0 943.591
4 5 6 7 8|1 38 1260 1 7	1 1.0 439.03
4 5 6 7|1 38 1260 1	1 1.0 439.03
4 5 6|1 38 1260	1 1.0 439.03
4 5 6 7 8|1 38 639 1 8	1 3.0 842.946
4 5 6 7|1 38 639 1	1 3.0 842.946
4 5 6|1 38 639	1 3.0 842.946
4 5 6 7 8|1 38 907 2 22	1 6.0 373.419
4 5 6 7|1 38 907 2	1 6.0 373.419
4 5 6|1 38 907	1 6.0 373.419
4 5 6 7 8|1 39 218 2 31	1 5.0 634.594
4 5 6 7|1 39 218 2	1 5.0 634.594
4 5 6|1 39 218	1 5.0 634.594
4 5 6 7 8|1 42 1211 1 1	1 3.0 322.279
4 5 6 7|1 42 1211 1	1 3.0 322.279
4 5 6|1 42 1211	1 3.0 322.279
4 5 6 7 8|1 42 1327 1 2	1 3.0 754.418
4 5 6 7|1 42 1327 1	1 3.0 754.418
4 5 6|1 42 1327	1 3.0 754.418
4 5 6 7 8|1 45 742 3 47	1 8.0 764.756
4 5 6 7|1 45 742 3	1 8.0 764.756
4 5 6|1 45 742	1 8.0 764.756
4 5 6 7 8|1 47 1595 3 48	1 11.0 451.254
4 5 6 7|1 47 1595 3	1 11.0 451.254
4 5 6|1 47 1595	1 11.0 451.254
4 5 6 7 8|1 47 1875 3 45	1 10.0 794.11
4 5 6 7|1 47 1875 3	1 10.0 794.11
4 5 6|1 47 1875	1 10.0 794.11
4 5 6 7 8|1 5 1598 1 7	1 3.0 234.266
4 5 6 7|1 5 1598 1	1 3.0 234.266
4 5 6|1 5 1598	1 3.0 234.266
4 5 6 7 8|1 50 1513 2 24	1 6.0 122.139
4 5 6 7|1 50 1513 2	1 6.0 122.139
4 5 6|1 50 1513	1 6.0 122.139
4 5 6 7 8|1 50 208 5 100	1 18.0 643.338
4 5 6 7|1 50 208 5	1 18.0 643.338
4 5 6|1 50 208	1 18.0 643.338
4 5 6 7 8|1 6 1525 1 12	1 2.0 429.344
4 5 6 7|1 6 1525 1	1 2.0 429.344
4 5 6|1 6 1525	1 2.0 429.344
4 5 6 7 8|1 7 715 2 22	1 6.0 149.146
4 5 6 7|1 7 715 2	1 6.0 149.146
4 5 6|1 7 715	1 6.0 149.146
4 5 6 7 8|1 8 921 3 59	1 9.0 196.359
4 5 6 7|1 8 921 3	1 9.0 196.359
4 5 6|1 8 921	1 9.0 196.359
4 5 6 7 8|1 9 1921 3 60	1 10.0 879.42
4 5 6 7|1 9 1921 3	1 10.0 879.42
4 5 6|1 9 1921	1 10.0 879.42
4 5 6 7 8|2 51 2089 3 42	1 9.0 116.599
4 5 6 7|2 51 2089 3	1 9.0 116.599
4 5 6|2 51 2089	1 9.0 116.599
4 5 6 7 8|2 51 2195 3 52	1 11.0 137.567
4 5 6 7|2 51 2195 3	1 11.0 137.567
4 5 6|2 51 2195	1 11.0 137.567
4 5 6 7 8|2 51 2254 3 50	1 10.0 764.186
4 5 6 7|2 51 2254 3	1 10.0 764.186
4 5 6|2 51 2254	1 10.0 764.186
4 5 6 7 8|2 52 2092 3 41	1 8.0 473.788
4 5 6 7|2 52 2092 3	1 8.0 473.788
4 5 6|2 52 2092	1 8.0 473.788
4 5 6 7 8|2 52 2263 2 36	1 5.0 362.746
4 5 6 7|2 52 2263 2	1 5.0 362.746
4 5 6|2 52 2263	1 5.0 362.746
4 5 6 7 8|2 52 2274 3 49	1 9.0 80.4501
4 5 6 7|2 52 2274 3	1 9.0 80.4501
4 5 6|2 52 2274	1 9.0 80.4501
4 5 6 7 8|2 52 2308 2 31	1 4.0 698.03
4 5 6 7|2 52 2308 2	1 4.0 698.03
4 5 6|2 52 2308	1 4.0 698.03
4 5 6 7 8|2 53 2269 1 3	1 0.0 406.81
4 5 6 7|2 53 2269 1	1 0.0 406.81
4 5 6|2 53 2269	1 0.0 406.81
4 5 6 7 8|2 53 2474 1 19	1 2.0 686.159
4 5 6 7|2 53 2474 1	1 2.0 686.159
4 5 6|2 53 2474	1 2.0 686.159
4 5 6 7 8|2 54 2222 2 24	1 7.0 33.2496
4 5 6 7|2 54 2222 2	1 7.0 33.2496
4 5 6|2 54 2222	1 7.0 33.2496
4 5 6 7 8|2 54 2305 2 25	1 5.0 208.005
4 5 6 7|2 54 2305 2	1 5.0 208.005
4 5 6|2 54 2305	1 5.0 208.005
4 5 6 7 8|2 55 2002 8 155	1 29.0 389.789
4 5 6 7|2 55 2002 8	1 29.0 389.789
4 5 6|2 55 2002	1 29.0 389.789
4 5 6 7 8|2 55 2405 2 25	1 6.0 410.092
4 5 6 7|2 55 2405 2	1 6.0 410.092
4 5 6 7 8|2 55 2405 3 43	1 9.0 542.868
4 5 6 7|2 55 2405 3	1 9.0 542.868
4 5 6|2 55 2405	2 15.0 952.96
4 5 6 7 8|2 55 2499 8 150	1 29.0 350.717
4 5 6 7|2 55 2499 8	1 29.0 350.717
4 5 6|2 55 2499	1 29.0 350.717
4 5 6 7 8|2 56 2024 2 21	1 5.0 834.997
4 5 6 7|2 56 2024 2	1 5.0 834.997
4 5 6|2 56 2024	1 5.0 834.997
4 5 6 7 8|2 56 2025 3 42	1 8.0 847.484
4 5 6 7|2 56 2025 3	1 8.0 847.484
4 5 6|2 56 2025	1 8.0 847.484
4 5 6 7 8|2 56 2392 10 199	1 38.0 909.528
4 5 6 7|2 56 2392 10	1 38.0 909.528
4 5 6|2 56 2392	1 38.0 909.528
4 5 6 7 8|2 56 2422 3 41	1 9.0 116.919
4 5 6 7|2 56 2422 3	1 9.0 116.919
4 5 6|2 56 2422	1 9.0 116.919
4 5 6 7 8|2 57 2162 7 123	1 24.0 333.443
4 5 6 7|2 57 2162 7	1 24.0 333.443
4 5 6|2 57 2162	1 24.0 333.443
4 5 6 7 8|2 57 2235 3 59	1 8.0 544.978
4 5 6 7|2 57 2235 3	1 8.0 544.978
4 5 6|2 57 2235	1 8.0 544.978
4 5 6 7 8|2 57 2268 2 39	1 7.0 439.57
4 5 6 7|2 57 2268 2	1 7.0 439.57
4 5 6|2 57 2268	1 7.0 439.57
4 5 6 7 8|2 57 2270 3 49	1 10.0 834.462
4 5 6 7|2 57 2270 3	1 10.0 834.462
4 5 6|2 57 2270	1 10.0 834.462
4 5 6 7 8|2 57 2462 3 59	1 9.0 822.748
4 5 6 7|2 57 2462 3	1 9.0 822.748
4 5 6|2 57 2462	1 9.0 822.748
4 5 6 7 8|2 58 2092 1 13	1 0.0 857.03
4 5 6 7|2 58 2092 1	1 0.0 857.03
4 5 6|2 58 2092	1 0.0 857.03
4 5 6 7 8|2 58 2167 3 44	1 10.0 227.891
4 5 6 7|2 58 2167 3	1 10.0 227.891
4 5 6|2 58 2167	1 10.0 227.891
4 5 6 7 8|2 58 2471 1 11	1 3.0 391.494
4 5 6 7|2 58 2471 1	1 3.0 391.494
4 5 6|2 58 2471	1 3.0 391.494
4 5 6 7 8|2 59 2159 6 110	1 21.0 359.112
4 5 6 7|2 59 2159 6	1 21.0 359.112
4 5 6|2 59 2159	1 21.0 359.112
4 5 6 7 8|2 59 2297 2 23	1 4.0 972.67
4 5 6 7|2 59 2297 2	1 4.0 972.67
4 5 6|2 59 2297	1 4.0 972.67
4 5 6 7 8|2 59 2486 1 7	1 1.0 256.708
4 5 6 7|2 59 2486 1	1 1.0 256.708
4 5 6|2 59 2486	1 1.0 256.708
4 5 6 7 8|2 60 2013 1 18	1 1.0 163.921
4 5 6 7|2 60 2013 1	1 1.0 163.921
4 5 6|2 60 2013	1 1.0 163.921
4 5 6 7 8|2 60 2426 2 21	1 5.0 885.713
4 5 6 7|2 60 2426 2	1 5.0 885.713
4 5 6|2 60 2426	1 5.0 885.713
4 5 6 7 8|3 100 3356 3 50	1 8.0 985.469
4 5 6 7|3 100 3356 3	1 8.0 985.469
4 5 6|3 100 3356	1 8.0 985.469
4 5 6 7 8|3 61 2621 3 48	1 8.0 928.241
4 5 6 7|3 61 2621 3	1 8.0 928.241
4 5 6|3 61 2621	1 8.0 928.241
4 5 6 7 8|3 62 2986 3 50	1 11.0 280.146
4 5 6 7|3 62 2986 3	1 11.0 280.146
4 5 6|3 62 2986	1 11.0 280.146
4 5 6 7 8|3 63 2530 3 53	1 10.0 167.239
4 5 6 7|3 63 2530 3	1 10.0 167.239
4 5 6|3 63 2530	1 10.0 167.239
4 5 6 7 8|3 63 3741 3 44	1 10.0 148.96
4 5 6 7|3 63 3741 3	1 10.0 148.96
4 5 6|3 63 3741	1 10.0 148.96
4 5 6 7 8|3 64 3212 3 45	1 9.0 141.333
4 5 6 7|3 64 3212 3	1 9.0 141.333
4 5 6|3 64 3212	1 9.0 141.333
4 5 6 7 8|3 64 3547 1 16	1 1.0 570.127
4 5 6 7|3 64 3547 1	1 1.0 570.127
4 5 6|3 64 3547	1 1.0 570.127
4 5 6 7 8|3 66 3390 3 43	1 11.0 400.237
4 5 6 7|3 66 3390 3	1 11.0 400.237
4 5 6|3 66 3390	1 11.0 400.237
4 5 6 7 8|3 70 2730 1 4	1 1.0 736.204
4 5 6 7|3 70 2730 1	1 1.0 736.204
4 5 6|3 70 2730	1 1.0 736.204
4 5 6 7 8|3 70 3951 9 168	1 33.0 28.0833
4 5 6 7|3 70 3951 9	1 33.0 28.0833
4 5 6|3 70 3951	1 33.0 28.0833
4 5 6 7 8|3 71 3840 1 1	1 3.0 268.944
4 5 6 7|3 71 3840 1	1 3.0 268.944
4 5 6|3 71 3840	1 3.0 268.944
4 5 6 7 8|3 72 3971 3 53	1 9.0 639.68
4 5 6 7|3 72 3971 3	1 9.0 639.68
4 5 6|3 72 3971	1 9.0 639.68
4 5 6 7 8|3 74 2669 6 114	1 20.0 356.287
4 5 6 7|3 74 2669 6	1 20.0 356.287
4 5 6|3 74 2669	1 20.0 356.287
4 5 6 7 8|3 77 3471 3 50	1 10.0 872.309
4 5 6 7|3 77 3471 3	1 10.0 872.309
4 5 6|3 77 3471	1 10.0 872.309
4 5 6 7 8|3 80 3109 2 33	1 6.0 554.41
4 5 6 7|3 80 3109 2	1 6.0 554.41
4 5 6|3 80 3109	1 6.0 554.41
4 5 6 7 8|3 81 2584 1 9	1 2.0 263.647
4 5 6 7|3 81 2584 1	1 2.0 263.647
4 5 6|3 81 2584	1 2.0 263.647
4 5 6 7 8|3 82 2830 2 32	1 6.0 47.4412
4 5 6 7|3 82 2830 2	1 6.0 47.4412
4 5 6|3 82 2830	1 6.0 47.4412
4 5 6 7 8|3 82 3463 1 7	1 2.0 683.039
4 5 6 7|3 82 3463 1	1 2.0 683.039
4 5 6|3 82 3463	1 2.0 683.039
4 5 6 7 8|3 83 2834 1 6	1 3.0 638.705
4 5 6 7|3 83 2834 1	1 3.0 638.705
4 5 6|3 83 2834	1 3.0 638.705
4 5 6 7 8|3 83 3289 2 29	1 4.0 509.228
4 5 6 7|3 83 3289 2	1 4.0 509.228
4 5 6|3 83 3289	1 4.0 509.228
4 5 6 7 8|3 84 3105 1 11	1 3.0 594.358
4 5 6 7|3 84 3105 1	1 3.0 594.358
4 5 6|3 84 3105	1 3.0 594.358
4 5 6 7 8|3 84 3828 8 154	1 31.0 665.361
4 5 6 7|3 84 3828 8	1 31.0 665.361
4 5 6|3 84 3828	1 31.0 665.361
4 5 6 7 8|3 85 3816 2 36	1 4.0 430.213
4 5 6 7|3 85 3816 2	1 4.0 430.213
4 5 6|3 85 3816	1 4.0 430.213
4 5 6 7 8|3 87 3933 1 19	1 1.0 628.627
4 5 6 7|3 87 3933 1	1 1.0 628.627
4 5 6|3 87 3933	1 1.0 628.627
4 5 6 7 8|3 88 3688 1 5	1 1.0 829.145
4 5 6 7|3 88 3688 1	1 1.0 829.145
4 5 6|3 88 3688	1 1.0 829.145
4 5 6 7 8|3 89 3434 3 47	1 8.0 950.354
4 5 6 7|3 89 3434 3	1 8.0 950.354
4 5 6|3 89 3434	1 8.0 950.354
4 5 6 7 8|3 93 2992 3 41	1 11.0 857.972
4 5 6 7|3 93 2992 3	1 11.0 857.972
4 5 6|3 93 2992	1 11.0 857.972
4 5 6 7 8|3 93 3022 2 34	1 5.0 11.2129
4 5 6 7|3 93 3022 2	1 5.0 11.2129
4 5 6|3 93 3022	1 5.0 11.2129
4 5 6 7 8|3 93 3734 1 14	1 2.0 653.431
4 5 6 7|3 93 3734 1	1 2.0 653.431
4 5 6|3 93 3734	1 2.0 653.431
4 5 6 7 8|3 96 3319 1 18	1 0.0 758.44
4 5 6 7|3 96 3319 1	1 0.0 758.44
4 5 6|3 96 3319	1 0.0 758.44
4 5 6 7 8|3 98 2948 2 21	1 5.0 745.338
4 5 6 7|3 98 2948 2	1 5.0 745.338
4 5 6|3 98 2948	1 5.0 745.338
4 5 6|3 99 3745	1 0.0 874.714
4 5 6|3 99 3745	1 0.0 874.714
4 5 6|3 99 3745	1 0.0 874.714
4 7 8|1 1 1	1 3.0 322.279
4 7 8|1 1 12	2 4.0 454.6432
4 7 8|1 1 13	1 1.0 291.105
4 7 8|1 1 15	1 2.0 383.997
4 7 8|1 1 2	1 3.0 754.418
4 7 8|1 1 4	1 0.0 834.134
4 7 8|1 1 7	2 4.0 673.296
4 7 8|1 1 8	1 3.0 842.946
4 7|1 1	10 20.0 4556.8182
4 7 8|1 2 21	1 5.0 895.019
4 7 8|1 2 22	2 12.0 522.565
4 7 8|1 2 23	2 11.0 1154.218
4 7 8|1 2 24	1 6.0 122.139
4 7 8|1 2 31	1 5.0 634.594
4 7 8|1 2 32	1 6.0 899.839
4 7 8|1 2 36	1 7.0 199.841
4 7 8|1 2 37	1 6.0 43.6247
4 7 8|1 2 40	1 5.0 943.591
4 7|1 2	11 63.0 5415.4307
4 7 8|1 3 42	2 22.0 1378.18
4 7 8|1 3 45	1 10.0 794.11
4 7 8|1 3 47	1 8.0 764.756
4 7 8|1 3 48	1 11.0 451.254
4 7 8|1 3 52	1 10.0 846.999
4 7 8|1 3 53	2 20.0 1520.21
4 7 8|1 3 59	1 9.0 196.359
4 7 8|1 3 60	1 10.0 879.42
4 7|1 3	10 100.0 6831.288
4 7 8|1 5 100	1 18.0 643.338
4 7 8|1 5 89	1 18.0 289.189
4 7 8|1 5 96	1 19.0 834.11
4 7|1 5	3 55.0 1766.637
4 7 8|1 8 149	1 29.0 169.06
4 7 8|1 8 158	1 28.0 988.15
4 7|1 8	2 57.0 1157.21
4|1	36 295.0 19727.3839
4 7 8|2 1 11	1 3.0 391.494
4 7 8|2 1 13	1 0.0 857.03
4 7 8|2 1 18	1 1.0 163.921
4 7 8|2 1 19	1 2.0 686.159
4 7 8|2 1 3	1 0.0 406.81
4 7 8|2 1 7	1 1.0 256.708
4 7|2 1	6 7.0 2762.122
4 7 8|2 10 199	1 38.0 909.528
4 7|2 10	1 38.0 909.528
4 7 8|2 2 21	2 10.0 1720.71
4 7 8|2 2 23	1 4.0 972.67
4 7 8|2 2 24	1 7.0 33.2496
4 7 8|2 2 25	2 11.0 618.097
4 7 8|2 2 31	1 4.0 698.03
4 7 8|2 2 36	1 5.0 362.746
4 7 8|2 2 39	1 7.0 439.57
4 7|2 2	9 48.0 4845.0726
4 7 8|2 3 41	2 17.0 590.707
4 7 8|2 3 42	2 17.0 964.083
4 7 8|2 3 43	1 9.0 542.868
4 7 8|2 3 44	1 10.0 227.891
4 7 8|2 3 49	2 19.0 914.9121
4 7 8|2 3 50	1 10.0 764.186
4 7 8|2 3 52	1 11.0 137.567
4 7 8|2 3 59	2 17.0 1367.726
4 7|2 3	12 110.0 5509.9401
4 7 8|2 6 110	1 21.0 359.112
4 7|2 6	1 21.0 359.112
4 7 8|2 7 123	1 24.0 333.443
4 7|2 7	1 24.0 333.443
4 7 8|2 8 150	1 29.0 350.717
4 7 8|2 8 155	1 29.0 389.789
4 7|2 8	2 58.0 740.506
4|2	32 306.0 15459.7237
4 7 8|3 1 1	1 3.0 268.944
4 7 8|3 1 11	1 3.0 594.358
4 7 8|3 1 14	1 2.0 653.431
4 7 8|3 1 16	1 1.0 570.127
4 7 8|3 1 18	1 0.0 758.44
4 7 8|3 1 19	1 1.0 628.627
4 7 8|3 1 4	1 1.0 736.204
4 7 8|3 1 5	1 1.0 829.145
4 7 8|3 1 6	1 3.0 638.705
4 7 8|3 1 7	1 2.0 683.039
4 7 8|3 1 8	1 0.0 874.714
4 7 8|3 1 9	1 2.0 263.647
4 7|3 1	12 19.0 7499.381
4 7 8|3 2 21	1 5.0 745.338
4 7 8|3 2 29	1 4.0 509.228
4 7 8|3 2 32	1 6.0 47.4412
4 7 8|3 2 33	1 6.0 554.41
4 7 8|3 2 34	1 5.0 11.2129
4 7 8|3 2 36	1 4.0 430.213
4 7|3 2	6 30.0 2297.8431
4 7 8|3 3 41	1 11.0 857.972
4 7 8|3 3 43	1 11.0 400.237
4 7 8|3 3 44	1 10.0 148.96
4 7 8|3 3 45	1 9.0 141.333
4 7 8|3 3 47	1 8.0 950.354
4 7 8|3 3 48	1 8.0 928.241
4 7 8|3 3 50	3 29.0 2137.924
4 7 8|3 3 53	2 19.0 806.919
4 7|3 3	11 105.0 6371.94
4 7 8|3 6 114	1 20.0 356.287
4 7|3 6	1 20.0 356.287
4 7 8|3 8 154	1 31.0 665.361
4 7|3 8	1 31.0 665.361
4|3	32 238.0 17218.8954
4|3	32 238.0 17218.8954
4|3	32 238.0 17218.8954
