0.99000	805987	2321751
0.99000	805987	2768221
0.99000	2321751	805987
0.99000	2321751	2769569
0.99000	2321751	2769003
0.99000	582742	2767675
0.99000	2727366	2768468
0.99000	2727366	130899
0.99000	2768511	2768655
0.99000	1337263	384975
0.99000	464819	272951
0.99000	314313	916455
0.99000	314313	79210
0.99000	314313	1169797
0.99000	314313	1264245
0.99000	314313	2740235
0.99000	314313	2239163
0.99000	314313	2592308
0.99000	314313	2768695
0.99000	2768655	2768511
0.99000	1489367	412779
0.99000	1489367	178573
0.99000	1489367	1864038
0.99000	1489367	287176
0.99000	2768468	2727366
0.99000	916455	314313
0.99000	916455	145773
0.99000	916455	2197856
0.99000	916455	4279
0.99000	79210	314313
0.99000	79210	145773
0.99000	79210	2197856
0.99000	79210	4279
0.99000	122924	1802743
0.99000	2768221	805987
0.99000	2768221	2769569
0.99000	2768221	2769003
0.99000	2769569	2321751
0.99000	2769569	2768221
0.99000	1169797	314313
0.99000	1169797	145773
0.99000	1169797	2197856
0.99000	1169797	4279
0.99000	2498303	2769397
0.99000	2769164	2768240
0.99000	384975	1337263
0.99000	384975	421965
0.99000	130899	2727366
0.99000	2769725	2769096
0.99000	2768928	2768731
0.99000	333434	412779
0.99000	333434	178573
0.99000	333434	1864038
0.99000	333434	287176
0.99000	2769397	2498303
0.99000	1264245	314313
0.99000	1264245	145773
0.99000	1264245	2197856
0.99000	1264245	4279
0.99000	449039	1021181
0.99000	2769096	2769725
0.99000	125654	2769117
0.99000	2768731	2768928
0.99000	2740235	314313
0.99000	2740235	145773
0.99000	2740235	2197856
0.99000	2740235	4279
0.99000	2769117	125654
0.99000	1021181	449039
0.99000	412779	1489367
0.99000	412779	333434
0.99000	178573	1489367
0.99000	178573	333434
0.99000	2239163	314313
0.99000	2239163	145773
0.99000	2239163	2197856
0.99000	2239163	4279
0.99000	421965	384975
0.99000	2592308	314313
0.99000	2592308	145773
0.99000	2592308	2197856
0.99000	2592308	4279
0.99000	2767741	1681777
0.99000	145773	916455
0.99000	145773	79210
0.99000	145773	1169797
0.99000	145773	1264245
0.99000	145773	2740235
0.99000	145773	2239163
0.99000	145773	2592308
0.99000	145773	2768695
0.99000	272951	464819
0.99000	2768240	2769164
0.99000	1864038	1489367
0.99000	1864038	333434
0.99000	2767675	582742
0.99000	2768695	314313
0.99000	2768695	145773
0.99000	2768695	2197856
0.99000	2768695	4279
0.99000	887	1802743
0.99000	1681777	2767741
0.99000	1681777	902976
0.99000	2769003	2321751
0.99000	2769003	2768221
0.99000	902976	1681777
0.99000	1802743	122924
0.99000	1802743	887
0.99000	2197856	916455
0.99000	2197856	79210
0.99000	2197856	1169797
0.99000	2197856	1264245
0.99000	2197856	2740235
0.99000	2197856	2239163
0.99000	2197856	2592308
0.99000	2197856	2768695
0.99000	4279	916455
0.99000	4279	79210
0.99000	4279	1169797
0.99000	4279	1264245
0.99000	4279	2740235
0.99000	4279	2239163
0.99000	4279	2592308
0.99000	4279	2768695
0.99000	287176	1489367
0.99000	287176	333434
0.98990	2727366	24376
0.98990	2727366	1982582
0.98990	2727366	2767923
0.98990	24376	2727366
0.98990	314313	2769094
0.98990	2769094	314313
0.98990	2769094	145773
0.98990	2769094	2197856
0.98990	2769094	4279
0.98990	122924	1078135
0.98990	1982582	2727366
0.98990	1078135	122924
0.98990	1078135	887
0.98990	2767923	2727366
0.98990	1901611	179489
0.98990	145773	2769094
0.98990	179489	1901611
0.98990	2768477	629412
0.98990	887	1078135
0.98990	629412	2768477
0.98990	2197856	2769094
0.98990	4279	2769094
0.98990	1233221	1807649
0.98990	1807649	1233221
0.98980	365992	1774217
0.98980	2768633	1807649
0.98980	1394624	2427183
0.98980	1774217	365992
0.98980	2427183	1394624
0.98980	1807649	2768633
0.98969	639455	2594756
0.98969	2594756	639455
0.98958	2768710	2769575
0.98958	2767771	2769575
0.98958	2769575	2768710
0.98958	2769575	2767771
0.98947	247045	1379097
0.98947	1379097	247045
0.98936	1493592	1044842
0.98936	102743	275813
0.98936	102743	2768110
0.98936	1494783	302404
0.98936	275813	102743
0.98936	1044842	1493592
0.98936	302404	1494783
0.98936	2768110	102743
0.98925	1453767	102869
0.98925	1453767	249886
0.98925	1453767	2180695
0.98925	2564416	102869
0.98925	2564416	249886
0.98925	2564416	2180695
0.98925	280152	102869
0.98925	280152	249886
0.98925	280152	2180695
0.98925	2768186	102869
0.98925	2768186	249886
0.98925	2768186	2180695
0.98925	1053365	278673
0.98925	2769683	102869
0.98925	2769683	249886
0.98925	2769683	2180695
0.98925	375443	102869
0.98925	375443	249886
0.98925	375443	2180695
0.98925	77313	102869
0.98925	77313	249886
0.98925	77313	2180695
0.98925	2769114	102869
0.98925	2769114	249886
0.98925	2769114	2180695
0.98925	1538363	102869
0.98925	1538363	249886
0.98925	1538363	2180695
0.98925	102869	1453767
0.98925	102869	2564416
0.98925	102869	280152
0.98925	102869	2768186
0.98925	102869	2769683
0.98925	102869	375443
0.98925	102869	77313
0.98925	102869	2769114
0.98925	102869	1538363
0.98925	102869	2416158
0.98925	102869	1703733
0.98925	249886	1453767
0.98925	249886	2564416
0.98925	249886	280152
0.98925	249886	2768186
0.98925	249886	2769683
0.98925	249886	375443
0.98925	249886	77313
0.98925	249886	2769114
0.98925	249886	1538363
0.98925	249886	2416158
0.98925	249886	1703733
0.98925	2416158	102869
0.98925	2416158	249886
0.98925	2416158	2180695
0.98925	1703733	102869
0.98925	1703733	249886
0.98925	1703733	2180695
0.98925	2180695	1453767
0.98925	2180695	2564416
0.98925	2180695	280152
0.98925	2180695	2768186
0.98925	2180695	2769683
0.98925	2180695	375443
0.98925	2180695	77313
0.98925	2180695	2769114
0.98925	2180695	1538363
0.98925	2180695	2416158
0.98925	2180695	1703733
0.98925	278673	1053365
0.98913	2767645	43463
0.98913	43463	2767645
0.98889	1270646	40396
0.98889	877403	40396
0.98889	1157207	40396
0.98889	2769233	40396
0.98889	2630526	40396
0.98889	2769435	40396
0.98889	38398	40396
0.98889	988383	40396
0.98889	1301940	783123
0.98889	825773	40396
0.98889	2675644	40396
0.98889	450893	40396
0.98889	40396	1270646
0.98889	40396	877403
0.98889	40396	1157207
0.98889	40396	2769233
0.98889	40396	2630526
0.98889	40396	2769435
0.98889	40396	38398
0.98889	40396	988383
0.98889	40396	825773
0.98889	40396	2675644
0.98889	40396	450893
0.98889	40396	933428
0.98889	40396	2441631
0.98889	40396	2768730
0.98889	40396	2768141
0.98889	40396	418794
0.98889	40396	2769183
0.98889	40396	2769754
0.98889	40396	15250
0.98889	40396	2769257
0.98889	40396	1165862
0.98889	40396	3486
0.98889	40396	76025
0.98889	40396	791429
0.98889	40396	833541
0.98889	40396	2769489
0.98889	40396	2708586
0.98889	40396	312522
0.98889	40396	1910165
0.98889	40396	238400
0.98889	40396	1947916
0.98889	40396	813985
0.98889	40396	698238
0.98889	40396	2767890
0.98889	40396	45142
0.98889	40396	668396
0.98889	40396	2768761
0.98889	40396	194580
0.98889	933428	40396
0.98889	2441631	40396
0.98889	2768730	40396
0.98889	2768141	40396
0.98889	418794	40396
0.98889	2769183	40396
0.98889	2769754	40396
0.98889	15250	40396
0.98889	2769257	40396
0.98889	1165862	40396
0.98889	3486	40396
0.98889	76025	40396
0.98889	791429	40396
0.98889	833541	40396
0.98889	2769489	40396
0.98889	2708586	40396
0.98889	312522	40396
0.98889	1910165	40396
0.98889	238400	40396
0.98889	1947916	40396
0.98889	783123	1301940
0.98889	813985	40396
0.98889	698238	40396
0.98889	2767890	40396
0.98889	45142	40396
0.98889	668396	40396
0.98889	2768761	40396
0.98889	194580	40396
0.98876	1270646	344610
0.98876	1270646	2767725
0.98876	1270646	438651
0.98876	1270646	306485
0.98876	1270646	1641255
0.98876	1270646	1338378
0.98876	1270646	2133940
0.98876	344610	1270646
0.98876	344610	877403
0.98876	344610	1157207
0.98876	344610	2769233
0.98876	344610	2630526
0.98876	344610	2769435
0.98876	344610	38398
0.98876	344610	988383
0.98876	344610	825773
0.98876	344610	2675644
0.98876	344610	450893
0.98876	344610	933428
0.98876	344610	2441631
0.98876	344610	2768730
0.98876	344610	2768141
0.98876	344610	418794
0.98876	344610	2769183
0.98876	344610	2769754
0.98876	344610	15250
0.98876	344610	2769257
0.98876	344610	1165862
0.98876	344610	3486
0.98876	344610	76025
0.98876	344610	791429
0.98876	344610	833541
0.98876	344610	2769489
0.98876	344610	2708586
0.98876	344610	312522
0.98876	344610	1910165
0.98876	344610	238400
0.98876	344610	1947916
0.98876	344610	813985
0.98876	344610	698238
0.98876	344610	2767890
0.98876	344610	45142
0.98876	344610	668396
0.98876	344610	2768761
0.98876	344610	194580
0.98876	877403	344610
0.98876	877403	2767725
0.98876	877403	438651
0.98876	877403	306485
0.98876	877403	1641255
0.98876	877403	1338378
0.98876	877403	2133940
0.98876	1157207	344610
0.98876	1157207	2767725
0.98876	1157207	438651
0.98876	1157207	306485
0.98876	1157207	1641255
0.98876	1157207	1338378
0.98876	1157207	2133940
0.98876	2769233	344610
0.98876	2769233	2767725
0.98876	2769233	438651
0.98876	2769233	306485
0.98876	2769233	1641255
0.98876	2769233	1338378
0.98876	2769233	2133940
0.98876	2630526	344610
0.98876	2630526	2767725
0.98876	2630526	438651
0.98876	2630526	306485
0.98876	2630526	1641255
0.98876	2630526	1338378
0.98876	2630526	2133940
0.98876	2769435	344610
0.98876	2769435	2767725
0.98876	2769435	438651
0.98876	2769435	306485
0.98876	2769435	1641255
0.98876	2769435	1338378
0.98876	2769435	2133940
0.98876	38398	344610
0.98876	38398	2767725
0.98876	38398	438651
0.98876	38398	306485
0.98876	38398	1641255
0.98876	38398	1338378
0.98876	38398	2133940
0.98876	988383	344610
0.98876	988383	2767725
0.98876	988383	438651
0.98876	988383	306485
0.98876	988383	1641255
0.98876	988383	1338378
0.98876	988383	2133940
0.98876	825773	344610
0.98876	825773	2767725
0.98876	825773	438651
0.98876	825773	306485
0.98876	825773	1641255
0.98876	825773	1338378
0.98876	825773	2133940
0.98876	2675644	344610
0.98876	2675644	2767725
0.98876	2675644	438651
0.98876	2675644	306485
0.98876	2675644	1641255
0.98876	2675644	1338378
0.98876	2675644	2133940
0.98876	450893	344610
0.98876	450893	2767725
0.98876	450893	438651
0.98876	450893	306485
0.98876	450893	1641255
0.98876	450893	1338378
0.98876	450893	2133940
0.98876	2767725	1270646
0.98876	2767725	877403
0.98876	2767725	1157207
0.98876	2767725	2769233
0.98876	2767725	2630526
0.98876	2767725	2769435
0.98876	2767725	38398
0.98876	2767725	988383
0.98876	2767725	825773
0.98876	2767725	2675644
0.98876	2767725	450893
0.98876	2767725	933428
0.98876	2767725	2441631
0.98876	2767725	2768730
0.98876	2767725	2768141
0.98876	2767725	418794
0.98876	2767725	2769183
0.98876	2767725	2769754
0.98876	2767725	15250
0.98876	2767725	2769257
0.98876	2767725	1165862
0.98876	2767725	3486
0.98876	2767725	76025
0.98876	2767725	791429
0.98876	2767725	833541
0.98876	2767725	2769489
0.98876	2767725	2708586
0.98876	2767725	312522
0.98876	2767725	1910165
0.98876	2767725	238400
0.98876	2767725	1947916
0.98876	2767725	813985
0.98876	2767725	698238
0.98876	2767725	2767890
0.98876	2767725	45142
0.98876	2767725	668396
0.98876	2767725	2768761
0.98876	2767725	194580
0.98876	933428	344610
0.98876	933428	2767725
0.98876	933428	438651
0.98876	933428	306485
0.98876	933428	1641255
0.98876	933428	1338378
0.98876	933428	2133940
0.98876	2441631	344610
0.98876	2441631	2767725
0.98876	2441631	438651
0.98876	2441631	306485
0.98876	2441631	1641255
0.98876	2441631	1338378
0.98876	2441631	2133940
0.98876	2768730	344610
0.98876	2768730	2767725
0.98876	2768730	438651
0.98876	2768730	306485
0.98876	2768730	1641255
0.98876	2768730	1338378
0.98876	2768730	2133940
0.98876	2768141	344610
0.98876	2768141	2767725
0.98876	2768141	438651
0.98876	2768141	306485
0.98876	2768141	1641255
0.98876	2768141	1338378
0.98876	2768141	2133940
0.98876	418794	344610
0.98876	418794	2767725
0.98876	418794	438651
0.98876	418794	306485
0.98876	418794	1641255
0.98876	418794	1338378
0.98876	418794	2133940
0.98876	2767682	2044093
0.98876	2769183	344610
0.98876	2769183	2767725
0.98876	2769183	438651
0.98876	2769183	306485
0.98876	2769183	1641255
0.98876	2769183	1338378
0.98876	2769183	2133940
0.98876	2769754	344610
0.98876	2769754	2767725
0.98876	2769754	438651
0.98876	2769754	306485
0.98876	2769754	1641255
0.98876	2769754	1338378
0.98876	2769754	2133940
0.98876	2044093	2767682
0.98876	2044093	2691675
0.98876	2044093	507411
0.98876	2044093	2769876
0.98876	2691675	2044093
0.98876	15250	344610
0.98876	15250	2767725
0.98876	15250	438651
0.98876	15250	306485
0.98876	15250	1641255
0.98876	15250	1338378
0.98876	15250	2133940
0.98876	2769257	344610
0.98876	2769257	2767725
0.98876	2769257	438651
0.98876	2769257	306485
0.98876	2769257	1641255
0.98876	2769257	1338378
0.98876	2769257	2133940
0.98876	438651	1270646
0.98876	438651	877403
0.98876	438651	1157207
0.98876	438651	2769233
0.98876	438651	2630526
0.98876	438651	2769435
0.98876	438651	38398
0.98876	438651	988383
0.98876	438651	825773
0.98876	438651	2675644
0.98876	438651	450893
0.98876	438651	933428
0.98876	438651	2441631
0.98876	438651	2768730
0.98876	438651	2768141
0.98876	438651	418794
0.98876	438651	2769183
0.98876	438651	2769754
0.98876	438651	15250
0.98876	438651	2769257
0.98876	438651	1165862
0.98876	438651	3486
0.98876	438651	76025
0.98876	438651	791429
0.98876	438651	833541
0.98876	438651	2769489
0.98876	438651	2708586
0.98876	438651	312522
0.98876	438651	1910165
0.98876	438651	238400
0.98876	438651	1947916
0.98876	438651	813985
0.98876	438651	698238
0.98876	438651	2767890
0.98876	438651	45142
0.98876	438651	668396
0.98876	438651	2768761
0.98876	438651	194580
0.98876	1165862	344610
0.98876	1165862	2767725
0.98876	1165862	438651
0.98876	1165862	306485
0.98876	1165862	1641255
0.98876	1165862	1338378
0.98876	1165862	2133940
0.98876	3486	344610
0.98876	3486	2767725
0.98876	3486	438651
0.98876	3486	306485
0.98876	3486	1641255
0.98876	3486	1338378
0.98876	3486	2133940
0.98876	76025	344610
0.98876	76025	2767725
0.98876	76025	438651
0.98876	76025	306485
0.98876	76025	1641255
0.98876	76025	1338378
0.98876	76025	2133940
0.98876	791429	344610
0.98876	791429	2767725
0.98876	791429	438651
0.98876	791429	306485
0.98876	791429	1641255
0.98876	791429	1338378
0.98876	791429	2133940
0.98876	833541	344610
0.98876	833541	2767725
0.98876	833541	438651
0.98876	833541	306485
0.98876	833541	1641255
0.98876	833541	1338378
0.98876	833541	2133940
0.98876	2769489	344610
0.98876	2769489	2767725
0.98876	2769489	438651
0.98876	2769489	306485
0.98876	2769489	1641255
0.98876	2769489	1338378
0.98876	2769489	2133940
0.98876	2708586	344610
0.98876	2708586	2767725
0.98876	2708586	438651
0.98876	2708586	306485
0.98876	2708586	1641255
0.98876	2708586	1338378
0.98876	2708586	2133940
0.98876	2768159	2769538
0.98876	312522	344610
0.98876	312522	2767725
0.98876	312522	438651
0.98876	312522	306485
0.98876	312522	1641255
0.98876	312522	1338378
0.98876	312522	2133940
0.98876	1910165	344610
0.98876	1910165	2767725
0.98876	1910165	438651
0.98876	1910165	306485
0.98876	1910165	1641255
0.98876	1910165	1338378
0.98876	1910165	2133940
0.98876	238400	344610
0.98876	238400	2767725
0.98876	238400	438651
0.98876	238400	306485
0.98876	238400	1641255
0.98876	238400	1338378
0.98876	238400	2133940
0.98876	1947916	344610
0.98876	1947916	2767725
0.98876	1947916	438651
0.98876	1947916	306485
0.98876	1947916	1641255
0.98876	1947916	1338378
0.98876	1947916	2133940
0.98876	813985	344610
0.98876	813985	2767725
0.98876	813985	438651
0.98876	813985	306485
0.98876	813985	1641255
0.98876	813985	1338378
0.98876	813985	2133940
0.98876	507411	2044093
0.98876	2769876	2044093
0.98876	306485	1270646
0.98876	306485	877403
0.98876	306485	1157207
0.98876	306485	2769233
0.98876	306485	2630526
0.98876	306485	2769435
0.98876	306485	38398
0.98876	306485	988383
0.98876	306485	825773
0.98876	306485	2675644
0.98876	306485	450893
0.98876	306485	933428
0.98876	306485	2441631
0.98876	306485	2768730
0.98876	306485	2768141
0.98876	306485	418794
0.98876	306485	2769183
0.98876	306485	2769754
0.98876	306485	15250
0.98876	306485	2769257
0.98876	306485	1165862
0.98876	306485	3486
0.98876	306485	76025
0.98876	306485	791429
0.98876	306485	833541
0.98876	306485	2769489
0.98876	306485	2708586
0.98876	306485	312522
0.98876	306485	1910165
0.98876	306485	238400
0.98876	306485	1947916
0.98876	306485	813985
0.98876	306485	698238
0.98876	306485	2767890
0.98876	306485	45142
0.98876	306485	668396
0.98876	306485	2768761
0.98876	306485	194580
0.98876	1641255	1270646
0.98876	1641255	877403
0.98876	1641255	1157207
0.98876	1641255	2769233
0.98876	1641255	2630526
0.98876	1641255	2769435
0.98876	1641255	38398
0.98876	1641255	988383
0.98876	1641255	825773
0.98876	1641255	2675644
0.98876	1641255	450893
0.98876	1641255	933428
0.98876	1641255	2441631
0.98876	1641255	2768730
0.98876	1641255	2768141
0.98876	1641255	418794
0.98876	1641255	2769183
0.98876	1641255	2769754
0.98876	1641255	15250
0.98876	1641255	2769257
0.98876	1641255	1165862
0.98876	1641255	3486
0.98876	1641255	76025
0.98876	1641255	791429
0.98876	1641255	833541
0.98876	1641255	2769489
0.98876	1641255	2708586
0.98876	1641255	312522
0.98876	1641255	1910165
0.98876	1641255	238400
0.98876	1641255	1947916
0.98876	1641255	813985
0.98876	1641255	698238
0.98876	1641255	2767890
0.98876	1641255	45142
0.98876	1641255	668396
0.98876	1641255	2768761
0.98876	1641255	194580
0.98876	698238	344610
0.98876	698238	2767725
0.98876	698238	438651
0.98876	698238	306485
0.98876	698238	1641255
0.98876	698238	1338378
0.98876	698238	2133940
0.98876	1338378	1270646
0.98876	1338378	877403
0.98876	1338378	1157207
0.98876	1338378	2769233
0.98876	1338378	2630526
0.98876	1338378	2769435
0.98876	1338378	38398
0.98876	1338378	988383
0.98876	1338378	825773
0.98876	1338378	2675644
0.98876	1338378	450893
0.98876	1338378	933428
0.98876	1338378	2441631
0.98876	1338378	2768730
0.98876	1338378	2768141
0.98876	1338378	418794
0.98876	1338378	2769183
0.98876	1338378	2769754
0.98876	1338378	15250
0.98876	1338378	2769257
0.98876	1338378	1165862
0.98876	1338378	3486
0.98876	1338378	76025
0.98876	1338378	791429
0.98876	1338378	833541
0.98876	1338378	2769489
0.98876	1338378	2708586
0.98876	1338378	312522
0.98876	1338378	1910165
0.98876	1338378	238400
0.98876	1338378	1947916
0.98876	1338378	813985
0.98876	1338378	698238
0.98876	1338378	2767890
0.98876	1338378	45142
0.98876	1338378	668396
0.98876	1338378	2768761
0.98876	1338378	194580
0.98876	2769538	2768159
0.98876	2767890	344610
0.98876	2767890	2767725
0.98876	2767890	438651
0.98876	2767890	306485
0.98876	2767890	1641255
0.98876	2767890	1338378
0.98876	2767890	2133940
0.98876	45142	344610
0.98876	45142	2767725
0.98876	45142	438651
0.98876	45142	306485
0.98876	45142	1641255
0.98876	45142	1338378
0.98876	45142	2133940
0.98876	668396	344610
0.98876	668396	2767725
0.98876	668396	438651
0.98876	668396	306485
0.98876	668396	1641255
0.98876	668396	1338378
0.98876	668396	2133940
0.98876	2768761	344610
0.98876	2768761	2767725
0.98876	2768761	438651
0.98876	2768761	306485
0.98876	2768761	1641255
0.98876	2768761	1338378
0.98876	2768761	2133940
0.98876	2133940	1270646
0.98876	2133940	877403
0.98876	2133940	1157207
0.98876	2133940	2769233
0.98876	2133940	2630526
0.98876	2133940	2769435
0.98876	2133940	38398
0.98876	2133940	988383
0.98876	2133940	825773
0.98876	2133940	2675644
0.98876	2133940	450893
0.98876	2133940	933428
0.98876	2133940	2441631
0.98876	2133940	2768730
0.98876	2133940	2768141
0.98876	2133940	418794
0.98876	2133940	2769183
0.98876	2133940	2769754
0.98876	2133940	15250
0.98876	2133940	2769257
0.98876	2133940	1165862
0.98876	2133940	3486
0.98876	2133940	76025
0.98876	2133940	791429
0.98876	2133940	833541
0.98876	2133940	2769489
0.98876	2133940	2708586
0.98876	2133940	312522
0.98876	2133940	1910165
0.98876	2133940	238400
0.98876	2133940	1947916
0.98876	2133940	813985
0.98876	2133940	698238
0.98876	2133940	2767890
0.98876	2133940	45142
0.98876	2133940	668396
0.98876	2133940	2768761
0.98876	2133940	194580
0.98876	194580	344610
0.98876	194580	2767725
0.98876	194580	438651
0.98876	194580	306485
0.98876	194580	1641255
0.98876	194580	1338378
0.98876	194580	2133940
0.98864	344610	249044
0.98864	2769781	2163089
0.98864	235063	1072065
0.98864	2767725	249044
0.98864	2767613	2163089
0.98864	169741	282021
0.98864	2163089	2769781
0.98864	2163089	2767613
0.98864	2163089	2769452
0.98864	2163089	1853866
0.98864	2163089	1119901
0.98864	2163089	2768707
0.98864	2163089	1932228
0.98864	438651	705685
0.98864	2769452	2163089
0.98864	1853866	2163089
0.98864	705685	438651
0.98864	1119901	2163089
0.98864	249044	344610
0.98864	249044	2767725
0.98864	249044	1641255
0.98864	1641255	249044
0.98864	282021	169741
0.98864	2768707	2163089
0.98864	1932228	2163089
0.98864	1072065	235063
0.98851	2769008	705685
0.98851	1990152	705685
0.98851	2163089	280511
0.98851	2163089	1351348
0.98851	2767808	705685
0.98851	311723	705685
0.98851	705685	2769008
0.98851	705685	1990152
0.98851	705685	2767808
0.98851	705685	311723
0.98851	280511	2163089
0.98851	1351348	2163089
0.98837	2769008	222089
0.98837	2769008	1663901
0.98837	2769008	702120
0.98837	2769008	697895
0.98837	2769008	2767656
0.98837	1990152	222089
0.98837	1990152	1663901
0.98837	1990152	702120
0.98837	1990152	697895
0.98837	1990152	2767656
0.98837	998062	280511
0.98837	998062	1351348
0.98837	222089	2769008
0.98837	222089	1990152
0.98837	222089	311723
0.98837	529021	413223
0.98837	311723	222089
0.98837	311723	1663901
0.98837	311723	702120
0.98837	311723	697895
0.98837	311723	2767656
0.98837	413223	529021
0.98837	1663901	2769008
0.98837	1663901	1990152
0.98837	1663901	311723
0.98837	280511	998062
0.98837	702120	2769008
0.98837	702120	1990152
0.98837	702120	311723
0.98837	697895	2769008
0.98837	697895	1990152
0.98837	697895	311723
0.98837	2767656	2769008
0.98837	2767656	1990152
0.98837	2767656	311723
0.98837	1351348	998062
0.98824	550527	2767697
0.98824	2869	566852
0.98824	2869	2578919
0.98824	2869	400099
0.98824	2869	1166230
0.98824	1925700	998062
0.98824	2011099	566852
0.98824	2011099	2578919
0.98824	2011099	400099
0.98824	2011099	1166230
0.98824	566852	2869
0.98824	566852	2011099
0.98824	566852	279549
0.98824	566852	660125
0.98824	566852	2769024
0.98824	566852	1234682
0.98824	566852	234800
0.98824	566852	1697276
0.98824	2578919	2869
0.98824	2578919	2011099
0.98824	2578919	279549
0.98824	2578919	660125
0.98824	2578919	2769024
0.98824	2578919	1234682
0.98824	2578919	234800
0.98824	2578919	1697276
0.98824	998062	1925700
0.98824	998062	603996
0.98824	2767697	550527
0.98824	279549	566852
0.98824	279549	2578919
0.98824	279549	400099
0.98824	279549	1166230
0.98824	222089	505601
0.98824	400099	2869
0.98824	400099	2011099
0.98824	400099	279549
0.98824	400099	660125
0.98824	400099	2769024
0.98824	400099	1234682
0.98824	400099	234800
0.98824	400099	1697276
0.98824	1663901	505601
0.98824	660125	566852
0.98824	660125	2578919
0.98824	660125	400099
0.98824	660125	1166230
0.98824	1166230	2869
0.98824	1166230	2011099
0.98824	1166230	279549
0.98824	1166230	660125
0.98824	1166230	2769024
0.98824	1166230	1234682
0.98824	1166230	234800
0.98824	1166230	1697276
0.98824	2769024	566852
0.98824	2769024	2578919
0.98824	2769024	400099
0.98824	2769024	1166230
0.98824	702120	505601
0.98824	1234682	566852
0.98824	1234682	2578919
0.98824	1234682	400099
0.98824	1234682	1166230
