0.99315	2768633	8143
0.99315	1807649	2768633
0.99306	314313	4279
0.99306	2768695	79210
0.99306	1169797	4279
0.99301	1953688	314313
0.99301	1953688	2769094
0.99301	1953688	79210
0.99301	1169797	1953688
0.99301	145773	1953688
0.99301	1953688	2197856
0.99301	314313	916455
0.99301	2740235	314313
0.99301	2239163	314313
0.99301	2592308	314313
0.99301	2769094	916455
0.99301	79210	916455
0.99301	1169797	916455
0.99301	145773	916455
0.99301	2197856	916455
0.99301	2740235	2769094
0.99301	2239163	2769094
0.99301	2592308	2769094
0.99301	2740235	79210
0.99301	2239163	79210
0.99301	2592308	79210
0.99301	1169797	2740235
0.99301	1169797	2239163
0.99301	1169797	2592308
0.99301	145773	2740235
0.99301	2197856	2740235
0.99301	145773	2239163
0.99301	2197856	2239163
0.99301	145773	2592308
0.99301	2197856	2592308
0.99296	1337263	2768743
0.99296	2768743	384975
0.99296	2768743	421965
0.99296	1320124	421965
0.99237	118664	2644208
0.99225	2768511	2768655
0.99206	701641	712769
0.99206	712769	964067
0.99167	25424	330334
0.99153	464819	917
0.99145	2769325	389391
0.99123	2767988	2768605
0.99083	2032374	830991
0.99083	2032374	2034033
0.99083	2032374	349788
0.99083	2032374	2767962
0.99083	275813	830991
0.99083	1116044	830991
0.99083	751259	830991
0.99083	2034033	275813
0.99083	275813	349788
0.99083	275813	2767962
0.99083	1116044	2034033
0.99083	1116044	349788
0.99083	1116044	2767962
0.99083	2034033	751259
0.99083	349788	751259
0.99083	2767962	751259
0.99074	102743	1652230
0.99074	1652230	830991
0.99074	1652230	2034033
0.99074	1652230	349788
0.99074	1652230	2767962
0.99074	237862	2498303
0.99074	2498303	2769397
0.99057	1472621	2769262
0.99029	1021181	449039
0.99020	135779	2202156
0.99020	1879953	98354
0.99020	1021181	2202156
0.99020	1576354	2202156
0.99020	109217	133574
0.99010	2768623	805987
0.99010	2202156	826740
0.99000	2321751	805987
0.99000	2768221	805987
0.99000	2321751	2769569
0.99000	2321751	2768800
0.99000	2321751	2769003
0.99000	2768221	2769569
0.99000	2768221	2768800
0.99000	2768221	2769003
0.98980	1394624	2427183
0.98980	193523	2083
0.98958	2768710	2769575
0.98958	2767771	2769575
0.98947	1379097	247045
0.98936	2767698	2769701
0.98936	1494783	302404
0.98925	102869	1453767
0.98925	1453767	249886
0.98925	1453767	2180695
0.98925	102869	2564416
0.98925	249886	2564416
0.98925	2180695	2564416
0.98925	102869	280152
0.98925	249886	280152
0.98925	2180695	280152
0.98925	102869	2768186
0.98925	249886	2768186
0.98925	2180695	2768186
0.98925	102869	283599
0.98925	249886	283599
0.98925	2180695	283599
0.98925	102869	2769683
0.98925	249886	2769683
0.98925	2180695	2769683
0.98925	102869	246176
0.98925	246176	249886
0.98925	2180695	246176
0.98925	102869	375443
0.98925	249886	375443
0.98925	2180695	375443
0.98925	102869	77313
0.98925	249886	77313
0.98925	2180695	77313
0.98925	102869	2769114
0.98925	249886	2769114
0.98925	2180695	2769114
0.98925	102869	1538363
0.98925	1538363	249886
0.98925	1538363	2180695
0.98925	102869	2416158
0.98925	102869	371708
0.98925	102869	1703733
0.98925	2416158	249886
0.98925	249886	371708
0.98925	1703733	249886
0.98925	2180695	2416158
0.98925	2180695	371708
0.98925	1703733	2180695
0.98913	2767645	43463
0.98889	1270646	40396
0.98889	2767805	40396
0.98889	40396	877403
0.98889	1157207	40396
0.98889	2769233	40396
0.98889	2630526	40396
0.98889	2769435	40396
0.98889	38398	40396
0.98889	40396	988383
0.98889	1301940	783123
0.98889	40396	825773
0.98889	199601	40396
0.98889	2675644	40396
0.98889	40396	450893
0.98889	1842605	40396
0.98889	40396	933428
0.98889	2441631	40396
0.98889	2768730	40396
0.98889	2768141	40396
0.98889	40396	418794
0.98889	2769183	40396
0.98889	2769754	40396
0.98889	15250	40396
0.98889	2769257	40396
0.98889	1165862	40396
0.98889	3486	40396
0.98889	40396	76025
0.98889	40396	791429
0.98889	40396	833541
0.98889	2769489	40396
0.98889	2708586	40396
0.98889	312522	40396
0.98889	1910165	40396
0.98889	238400	40396
0.98889	1947916	40396
0.98889	40396	813985
0.98889	40396	698238
0.98889	1338378	40396
0.98889	2767890	40396
0.98889	40396	45142
0.98889	40396	668396
0.98889	2768761	40396
0.98889	194580	40396
0.98876	1270646	344610
0.98876	1270646	2767725
0.98876	1270646	438651
0.98876	1270646	306485
0.98876	1270646	1641255
0.98876	1270646	2133940
0.98876	2767805	344610
0.98876	2767725	2767805
0.98876	2767805	438651
0.98876	2767805	306485
0.98876	1641255	2767805
0.98876	2133940	2767805
0.98876	344610	877403
0.98876	1157207	344610
0.98876	2769233	344610
0.98876	2630526	344610
0.98876	2769435	344610
0.98876	344610	38398
0.98876	344610	988383
0.98876	344610	825773
0.98876	199601	344610
0.98876	2675644	344610
0.98876	344610	450893
0.98876	1842605	344610
0.98876	344610	933428
0.98876	2441631	344610
0.98876	2768730	344610
0.98876	2768141	344610
0.98876	344610	418794
0.98876	2769183	344610
0.98876	2769754	344610
0.98876	15250	344610
0.98876	2769257	344610
0.98876	1165862	344610
0.98876	344610	3486
0.98876	344610	76025
0.98876	344610	791429
0.98876	344610	833541
0.98876	2769489	344610
0.98876	2708586	344610
0.98876	312522	344610
0.98876	1910165	344610
0.98876	238400	344610
0.98876	1947916	344610
0.98876	344610	813985
0.98876	344610	698238
0.98876	1338378	344610
0.98876	2767890	344610
0.98876	344610	45142
0.98876	344610	668396
0.98876	2768761	344610
0.98876	194580	344610
0.98876	2767725	877403
0.98876	438651	877403
0.98876	306485	877403
0.98876	1641255	877403
0.98876	2133940	877403
0.98876	1157207	2767725
0.98876	1157207	438651
0.98876	1157207	306485
0.98876	1157207	1641255
0.98876	1157207	2133940
0.98876	2767725	2769233
0.98876	2769233	438651
0.98876	2769233	306485
0.98876	1641255	2769233
0.98876	2133940	2769233
0.98876	2630526	2767725
0.98876	2630526	438651
0.98876	2630526	306485
0.98876	1641255	2630526
0.98876	2133940	2630526
0.98876	2767725	2769435
0.98876	2769435	438651
0.98876	2769435	306485
0.98876	1641255	2769435
0.98876	2133940	2769435
0.98876	2767725	38398
0.98876	38398	438651
0.98876	306485	38398
0.98876	1641255	38398
0.98876	2133940	38398
0.98876	2767725	988383
0.98876	438651	988383
0.98876	306485	988383
0.98876	1641255	988383
0.98876	2133940	988383
0.98876	2767725	825773
0.98876	438651	825773
0.98876	306485	825773
0.98876	1641255	825773
0.98876	2133940	825773
0.98876	199601	2767725
0.98876	199601	438651
0.98876	199601	306485
0.98876	1641255	199601
0.98876	199601	2133940
0.98876	2675644	2767725
0.98876	2675644	438651
0.98876	2675644	306485
0.98876	1641255	2675644
0.98876	2133940	2675644
0.98876	2767725	450893
0.98876	438651	450893
0.98876	306485	450893
0.98876	1641255	450893
0.98876	2133940	450893
0.98876	1842605	2767725
0.98876	2767725	933428
0.98876	2441631	2767725
0.98876	2767725	2768730
0.98876	2767725	2768141
0.98876	2767725	418794
0.98876	2767725	2769183
0.98876	2767725	2769754
0.98876	15250	2767725
0.98876	2767725	2769257
0.98876	1165862	2767725
0.98876	2767725	3486
0.98876	2767725	76025
0.98876	2767725	791429
0.98876	2767725	833541
0.98876	2767725	2769489
0.98876	2708586	2767725
0.98876	2767725	312522
0.98876	1910165	2767725
0.98876	238400	2767725
0.98876	1947916	2767725
0.98876	2767725	813985
0.98876	2767725	698238
0.98876	1338378	2767725
0.98876	2767725	2767890
0.98876	2767725	45142
0.98876	2767725	668396
0.98876	2767725	2768761
0.98876	194580	2767725
0.98876	1842605	438651
0.98876	1842605	306485
0.98876	1641255	1842605
0.98876	1842605	2133940
0.98876	438651	933428
0.98876	306485	933428
0.98876	1641255	933428
0.98876	2133940	933428
0.98876	2441631	438651
0.98876	2441631	306485
0.98876	1641255	2441631
0.98876	2133940	2441631
0.98876	2768730	438651
0.98876	2768730	306485
0.98876	1641255	2768730
0.98876	2133940	2768730
0.98876	2768141	438651
0.98876	2768141	306485
0.98876	1641255	2768141
0.98876	2133940	2768141
0.98876	418794	438651
0.98876	306485	418794
0.98876	1641255	418794
0.98876	2133940	418794
0.98876	2044093	2767682
0.98876	2769183	438651
0.98876	2769183	306485
0.98876	1641255	2769183
0.98876	2133940	2769183
0.98876	2769754	438651
0.98876	2769754	306485
0.98876	1641255	2769754
0.98876	2133940	2769754
0.98876	2044093	2691675
0.98876	2044093	507411
0.98876	2044093	2769876
0.98876	15250	438651
0.98876	15250	306485
0.98876	15250	1641255
0.98876	15250	2133940
0.98876	2769257	438651
0.98876	2769257	306485
0.98876	1641255	2769257
0.98876	2133940	2769257
0.98876	1165862	438651
0.98876	3486	438651
0.98876	438651	76025
0.98876	438651	791429
0.98876	438651	833541
0.98876	2769489	438651
0.98876	2708586	438651
0.98876	312522	438651
0.98876	1910165	438651
0.98876	238400	438651
0.98876	1947916	438651
0.98876	438651	813985
0.98876	438651	698238
0.98876	1338378	438651
0.98876	2767890	438651
0.98876	438651	45142
0.98876	438651	668396
0.98876	2768761	438651
0.98876	194580	438651
0.98876	1165862	306485
0.98876	1165862	1641255
0.98876	1165862	2133940
0.98876	306485	3486
0.98876	1641255	3486
0.98876	2133940	3486
0.98876	306485	76025
0.98876	1641255	76025
0.98876	2133940	76025
0.98876	306485	791429
0.98876	1641255	791429
0.98876	2133940	791429
0.98876	306485	833541
0.98876	1641255	833541
0.98876	2133940	833541
0.98876	2769489	306485
0.98876	1641255	2769489
0.98876	2133940	2769489
0.98876	2708586	306485
0.98876	1641255	2708586
0.98876	2133940	2708586
0.98876	2768159	2769538
0.98876	306485	312522
0.98876	1641255	312522
0.98876	2133940	312522
0.98876	1910165	306485
0.98876	1641255	1910165
0.98876	1910165	2133940
0.98876	238400	306485
0.98876	1641255	238400
0.98876	2133940	238400
0.98876	1947916	306485
0.98876	1641255	1947916
0.98876	1947916	2133940
0.98876	306485	813985
0.98876	1641255	813985
0.98876	2133940	813985
0.98876	306485	698238
0.98876	1338378	306485
0.98876	2767890	306485
0.98876	306485	45142
0.98876	306485	668396
0.98876	2768761	306485
0.98876	194580	306485
0.98876	1641255	698238
0.98876	1338378	1641255
0.98876	1641255	2767890
0.98876	1641255	45142
0.98876	1641255	668396
0.98876	1641255	2768761
0.98876	1641255	194580
0.98876	2133940	698238
0.98876	1338378	2133940
0.98876	2133940	2767890
0.98876	2133940	45142
0.98876	2133940	668396
0.98876	2133940	2768761
0.98876	194580	2133940
0.98864	249044	344610
0.98864	2163089	2769781
0.98864	245390	2769781
0.98864	1072065	235063
0.98864	249044	2767725
0.98864	2163089	2767613
0.98864	245390	2767613
0.98864	169741	282021
0.98864	2163089	2769452
0.98864	1853866	2163089
0.98864	1119901	2163089
0.98864	2163089	2768707
0.98864	1932228	2163089
0.98864	438651	705685
0.98864	245390	2769452
0.98864	1853866	245390
0.98864	1119901	245390
0.98864	1641255	249044
0.98864	245390	2768707
0.98864	1932228	245390
0.98851	2769008	705685
0.98851	1990152	705685
0.98851	2163089	280511
0.98851	1351348	2163089
0.98851	2767808	705685
0.98851	311723	705685
0.98837	222089	2769008
0.98837	1663901	2769008
0.98837	2769008	702120
0.98837	2769008	697895
0.98837	2767656	2769008
0.98837	1990152	222089
0.98837	1663901	1990152
0.98837	1990152	702120
0.98837	1990152	697895
0.98837	1990152	2767656
0.98837	280511	998062
0.98837	1351348	998062
0.98837	222089	311723
0.98837	413223	529021
0.98837	1663901	311723
0.98837	311723	702120
0.98837	311723	697895
0.98837	2767656	311723
0.98824	2767697	550527
0.98824	2869	566852
0.98824	2578919	2869
0.98824	2869	400099
0.98824	1166230	2869
0.98824	1395930	2869
0.98824	1925700	998062
0.98824	2011099	566852
0.98824	2011099	2578919
0.98824	2011099	400099
0.98824	1166230	2011099
0.98824	1395930	2011099
0.98824	2768213	566852
0.98824	279549	566852
0.98824	566852	660125
0.98824	2769024	566852
0.98824	1234682	566852
0.98824	234800	566852
0.98824	1697276	566852
0.98824	2578919	2768213
0.98824	2578919	279549
0.98824	2578919	660125
0.98824	2578919	2769024
0.98824	1234682	2578919
0.98824	234800	2578919
0.98824	1697276	2578919
0.98824	2768213	400099
0.98824	1166230	2768213
0.98824	1395930	2768213
0.98824	603996	998062
0.98824	279549	400099
0.98824	1166230	279549
0.98824	1395930	279549
0.98824	222089	505601
0.98824	400099	660125
0.98824	2769024	400099
0.98824	1234682	400099
0.98824	234800	400099
0.98824	1697276	400099
0.98824	1663901	505601
0.98824	1166230	660125
0.98824	1395930	660125
0.98824	1166230	2769024
0.98824	1166230	1234682
0.98824	1166230	234800
0.98824	1166230	1697276
0.98824	1395930	2769024
0.98824	1234682	1395930
0.98824	1395930	234800
0.98824	1395930	1697276
0.98824	505601	702120
0.98824	505601	697895
0.98824	2767656	505601
0.98810	1997112	2869
0.98810	1997112	2011099
0.98810	1997112	2768213
0.98810	1997112	279549
0.98810	1997112	660125
0.98810	1997112	2769024
0.98810	1234682	1997112
0.98810	1997112	234800
0.98810	1697276	1997112
0.98795	2769222	2769674
0.98795	2769222	851973
0.98780	1591610	2769702
0.98780	2769702	308922
0.98780	136419	2769702
0.98780	2769702	331206
0.98780	1376838	2769702
0.98780	2769702	591952
0.98780	2769702	396748
0.98780	2769702	631509
0.98780	26538	2769702
0.98780	2769702	315153
0.98780	1591610	30372
0.98780	1591610	168346
0.98780	1591610	2578662
0.98780	1188603	1591610
0.98780	1591610	2768168
0.98780	1591610	2706945
0.98780	1591610	2769411
0.98780	1591610	838323
0.98780	30372	308922
0.98780	168346	308922
0.98780	2578662	308922
0.98780	1188603	308922
0.98780	2768168	308922
0.98780	2706945	308922
0.98780	2769411	308922
0.98780	308922	838323
0.98780	286950	707606
0.98780	136419	30372
0.98780	30372	331206
0.98780	1376838	30372
0.98780	30372	591952
0.98780	30372	396748
0.98780	30372	631509
0.98780	26538	30372
0.98780	30372	315153
0.98780	136419	168346
0.98780	168346	331206
0.98780	1376838	168346
0.98780	168346	591952
0.98780	168346	396748
0.98780	168346	631509
0.98780	168346	26538
0.98780	168346	315153
0.98780	189045	214782
0.98780	189045	521428
0.98780	136419	2578662
0.98780	1188603	136419
0.98780	136419	2768168
0.98780	136419	2706945
0.98780	136419	2769411
0.98780	136419	838323
0.98780	2578662	331206
0.98780	1376838	2578662
0.98780	2578662	591952
0.98780	2578662	396748
0.98780	2578662	631509
0.98780	2578662	26538
0.98780	2578662	315153
0.98780	2769674	47940
0.98780	1188603	331206
0.98780	1188603	1376838
0.98780	1188603	591952
0.98780	1188603	396748
0.98780	1188603	631509
0.98780	1188603	26538
0.98780	1188603	315153
0.98780	2768168	331206
0.98780	2706945	331206
0.98780	2769411	331206
0.98780	331206	838323
0.98780	2042805	214782
0.98780	214782	2769707
0.98780	214782	2767634
0.98780	1376838	2768168
0.98780	2768168	591952
0.98780	2768168	396748
0.98780	2768168	631509
0.98780	26538	2768168
0.98780	2768168	315153
0.98780	1376838	2706945
0.98780	2706945	591952
0.98780	2706945	396748
0.98780	2706945	631509
0.98780	26538	2706945
0.98780	2706945	315153
0.98780	1376838	2769411
0.98780	2769411	591952
0.98780	2769411	396748
0.98780	2769411	631509
0.98780	26538	2769411
0.98780	2769411	315153
0.98780	1376838	838323
0.98780	591952	838323
0.98780	396748	838323
0.98780	631509	838323
0.98780	26538	838323
0.98780	315153	838323
0.98780	2767631	851973
0.98780	2042805	521428
0.98780	2769707	521428
0.98780	2767634	521428
0.98765	2769749	919923
0.98765	2767631	2769749
0.98765	1007578	2768777
0.98765	1007578	2896
0.98765	1007578	2769332
0.98765	2768000	2768777
0.98765	2768000	2896
0.98765	2768000	2769332
0.98765	2519975	2768777
0.98765	2519975	2896
0.98765	2519975	2769332
0.98765	2769525	919923
0.98765	2767631	2769525
0.98765	2768777	2768849
0.98765	2768849	2896
0.98765	2768849	2769332
0.98765	2768777	2768930
0.98765	2768930	2896
0.98765	2768930	2769332
0.98765	1847758	2768777
0.98765	1847758	2896
0.98765	1847758	2769332
0.98765	1562790	2768777
0.98765	1562790	2896
0.98765	1562790	2769332
0.98765	1590863	414502
0.98765	2767598	414502
0.98765	414502	74089
0.98765	1554967	414502
0.98765	2177524	654
0.98765	2177524	2769802
0.98765	2768777	523926
0.98765	2896	523926
0.98765	2769332	523926
0.98765	2306202	2768777
0.98765	2306202	2896
0.98765	2306202	2769332
0.98765	2768777	611799
0.98765	2896	611799
0.98765	2769332	611799
0.98765	1365630	2768777
0.98765	1365630	2896
0.98765	1365630	2769332
0.98765	427554	919923
0.98765	2767631	427554
0.98765	1157044	2768777
0.98765	1157044	2896
0.98765	1157044	2769332
0.98765	2768777	584605
0.98765	2896	584605
0.98765	2769332	584605
0.98765	1910222	47940
0.98765	1479091	47940
0.98765	47940	56647
0.98765	2767924	654
0.98765	2767924	2769802
0.98765	1361317	996626
0.98765	2767631	996626
0.98765	1361317	395704
0.98765	2767631	395704
0.98765	2768777	2769508
0.98765	2768777	657282
0.98765	2768777	2769215
0.98765	2768777	541958
0.98765	1305167	2768777
0.98765	2768777	866762
0.98765	2768777	766765
0.98765	2768777	827788
0.98765	170610	2768777
0.98765	1099249	2768777
0.98765	1108622	2768777
0.98765	1568211	2768777
0.98765	1544266	2768777
0.98765	2768519	2768777
0.98765	1633229	2768777
0.98765	2768777	2769255
0.98765	2491905	2768777
0.98765	2769508	2896
0.98765	2769332	2769508
0.98765	2769501	654
0.98765	2769501	2769802
0.98765	2701036	654
0.98765	2701036	2769802
0.98765	2896	657282
0.98765	2769332	657282
0.98765	2769215	2896
0.98765	2769215	2769332
0.98765	2545352	654
0.98765	2545352	2769802
0.98765	2760345	654
0.98765	2760345	2769802
0.98765	1563522	919923
0.98765	1563522	2767631
0.98765	233098	919923
0.98765	2461719	919923
0.98765	2896	541958
0.98765	2769332	541958
0.98765	1305167	2896
0.98765	1305167	2769332
0.98765	2896	866762
0.98765	2769332	866762
0.98765	233098	2767631
0.98765	2896	766765
0.98765	2769332	766765
0.98765	2896	827788
0.98765	170610	2896
0.98765	1099249	2896
0.98765	1108622	2896
0.98765	1568211	2896
0.98765	1544266	2896
0.98765	2768519	2896
0.98765	1633229	2896
0.98765	2769255	2896
0.98765	2491905	2896
0.98765	1361317	865347
0.98765	2767631	865347
0.98765	2769332	827788
0.98765	170610	2769332
0.98765	1099249	2769332
0.98765	1361317	1479091
0.98765	1361317	2767632
0.98765	2461719	2767631
0.98765	2767631	2767632
0.98765	2769329	654
0.98765	654	824023
0.98765	209009	654
0.98765	1782778	2767598
0.98765	1782778	74089
0.98765	1554967	1782778
0.98765	1108622	2769332
0.98765	1568211	2769332
0.98765	1544266	2769332
0.98765	1580825	2767598
0.98765	1580825	74089
0.98765	1554967	1580825
0.98765	2768519	2769332
0.98765	1633229	2769332
0.98765	2769255	2769332
0.98765	2491905	2769332
0.98765	2769329	2769802
0.98765	2769802	824023
0.98765	209009	2769802
0.98750	2122402	2769749
0.98750	2769749	942385
0.98750	2768250	2769749
0.98750	2769749	555644
0.98750	2769749	483002
0.98750	1027717	2769749
0.98750	2769594	2769749
0.98750	2769749	536581
0.98750	2769749	373742
0.98750	1909420	2769749
0.98750	247289	2769749
0.98750	2767877	2769749
0.98750	2769749	880141
0.98750	2177524	2768759
0.98750	2767924	2768759
0.98750	2768759	2769501
0.98750	2701036	2768759
0.98750	2545352	2768759
0.98750	2760345	2768759
0.98750	2768759	2769329
0.98750	2768759	824023
0.98750	209009	2768759
0.98750	1007578	525026
0.98750	2768000	525026
0.98750	2519975	525026
0.98750	2122402	2769525
0.98750	2769525	942385
0.98750	2768250	2769525
0.98750	2769525	555644
0.98750	2769525	483002
0.98750	1027717	2769525
0.98750	2769525	2769594
0.98750	2769525	536581
0.98750	2769525	373742
0.98750	1909420	2769525
0.98750	247289	2769525
0.98750	2767877	2769525
0.98750	2769525	880141
0.98750	1840526	822115
0.98750	1206171	822115
0.98750	2768849	525026
0.98750	2768930	525026
0.98750	1847758	525026
0.98750	2122402	427554
0.98750	2122402	996626
0.98750	2122402	395704
0.98750	1563522	2122402
0.98750	1910222	2122402
0.98750	2122402	233098
0.98750	2122402	865347
0.98750	1479091	2122402
0.98750	2122402	2461719
0.98750	2122402	56647
0.98750	2122402	2767632
0.98750	1562790	525026
0.98750	427554	942385
0.98750	942385	996626
0.98750	395704	942385
0.98750	1563522	942385
0.98750	1910222	942385
0.98750	233098	942385
0.98750	865347	942385
0.98750	1479091	942385
0.98750	2461719	942385
0.98750	56647	942385
0.98750	2767632	942385
0.98750	1364866	1389568
0.98750	523926	525026
0.98750	2306202	525026
0.98750	525026	611799
0.98750	1365630	525026
0.98750	2768250	427554
0.98750	427554	555644
0.98750	427554	483002
0.98750	1027717	427554
0.98750	2769594	427554
0.98750	427554	536581
0.98750	373742	427554
0.98750	1909420	427554
0.98750	247289	427554
0.98750	2767877	427554
0.98750	427554	880141
0.98750	1157044	525026
0.98750	525026	584605
0.98750	1047697	1389568
0.98750	2768250	996626
0.98750	555644	996626
0.98750	483002	996626
0.98750	1027717	996626
0.98750	2769594	996626
0.98750	536581	996626
0.98750	373742	996626
0.98750	1909420	996626
0.98750	2767877	996626
0.98750	880141	996626
0.98750	2768250	395704
0.98750	395704	555644
0.98750	395704	483002
0.98750	1027717	395704
0.98750	2769594	395704
0.98750	395704	536581
0.98750	373742	395704
0.98750	1909420	395704
0.98750	2767877	395704
0.98750	395704	880141
0.98750	1389568	463494
0.98750	2769508	525026
0.98750	525026	657282
0.98750	2769215	525026
0.98750	1563522	2768250
0.98750	1563522	555644
0.98750	1563522	483002
0.98750	1027717	1563522
0.98750	1563522	2769594
0.98750	1563522	536581
0.98750	1563522	373742
0.98750	1563522	1909420
0.98750	1563522	247289
0.98750	1563522	2767877
0.98750	1563522	880141
0.98750	1910222	2768250
0.98750	1910222	555644
0.98750	1910222	483002
0.98750	1027717	1910222
0.98750	1910222	2769594
0.98750	1910222	536581
0.98750	1910222	373742
0.98750	1909420	1910222
0.98750	1910222	2767877
0.98750	1910222	880141
0.98750	525026	541958
0.98750	1389568	931530
0.98750	1389568	2633182
0.98750	1389568	1462131
0.98750	1389568	427410
0.98750	1389568	2769367
0.98750	233098	2768250
0.98750	2768250	865347
0.98750	1479091	2768250
0.98750	2461719	2768250
0.98750	2768250	56647
0.98750	2767632	2768250
0.98750	1305167	525026
0.98750	525026	866762
0.98750	233098	555644
0.98750	233098	483002
0.98750	1027717	233098
0.98750	233098	2769594
0.98750	233098	536581
0.98750	233098	373742
0.98750	1909420	233098
0.98750	233098	247289
0.98750	233098	2767877
0.98750	233098	880141
0.98750	555644	865347
0.98750	1479091	555644
0.98750	2461719	555644
0.98750	555644	56647
0.98750	2767632	555644
0.98750	483002	865347
0.98750	1479091	483002
0.98750	2461719	483002
0.98750	483002	56647
0.98750	2767632	483002
0.98750	525026	766765
0.98750	1027717	865347
0.98750	2769594	865347
0.98750	536581	865347
0.98750	373742	865347
0.98750	1909420	865347
0.98750	2767877	865347
0.98750	865347	880141
0.98750	525026	827788
0.98750	1027717	1479091
0.98750	1027717	2461719
0.98750	1027717	56647
0.98750	1027717	2767632
0.98750	1479091	2769594
0.98750	2461719	2769594
0.98750	2769594	56647
0.98750	2767632	2769594
0.98750	170610	525026
0.98750	1099249	525026
0.98750	1479091	536581
0.98750	1479091	373742
0.98750	1479091	1909420
0.98750	1479091	2767877
0.98750	1479091	880141
0.98750	2461719	536581
0.98750	536581	56647
0.98750	2767632	536581
0.98750	2461719	373742
0.98750	1909420	2461719
0.98750	2461719	247289
0.98750	2461719	2767877
0.98750	2461719	880141
0.98750	373742	56647
0.98750	1909420	56647
0.98750	2767877	56647
0.98750	56647	880141
0.98750	1108622	525026
0.98750	1568211	525026
0.98750	2767632	373742
0.98750	1544266	525026
0.98750	1909420	2767632
0.98750	2767632	2767877
0.98750	2767632	880141
0.98750	2768519	525026
0.98750	1633229	525026
0.98750	2769255	525026
0.98750	2491905	525026
0.98734	2767702	395239
