0.99315	2768633	8143
0.99315	2768633	1807649
0.99306	314313	4279
0.99306	79210	2768695
0.99306	1169797	4279
0.99301	1953688	314313
0.99301	1953688	2769094
0.99301	1953688	79210
0.99301	1953688	1169797
0.99301	1953688	145773
0.99301	1953688	2197856
0.99301	314313	916455
0.99301	314313	2740235
0.99301	314313	2239163
0.99301	314313	2592308
0.99301	916455	2769094
0.99301	916455	79210
0.99301	916455	1169797
0.99301	916455	145773
0.99301	916455	2197856
0.99301	2769094	2740235
0.99301	2769094	2239163
0.99301	2769094	2592308
0.99301	79210	2740235
0.99301	79210	2239163
0.99301	79210	2592308
0.99301	1169797	2740235
0.99301	1169797	2239163
0.99301	1169797	2592308
0.99301	2740235	145773
0.99301	2740235	2197856
0.99301	2239163	145773
0.99301	2239163	2197856
0.99301	2592308	145773
0.99301	2592308	2197856
0.99296	2768743	1337263
0.99296	2768743	384975
0.99296	2768743	421965
0.99296	421965	1320124
0.99237	2644208	118664
0.99225	2768511	2768655
0.99206	712769	701641
0.99206	712769	964067
0.99167	25424	330334
0.99153	464819	917
0.99145	389391	2769325
0.99123	2767988	2768605
0.99083	2032374	830991
0.99083	2032374	2034033
0.99083	2032374	349788
0.99083	2032374	2767962
0.99083	830991	275813
0.99083	830991	1116044
0.99083	830991	751259
0.99083	275813	2034033
0.99083	275813	349788
0.99083	275813	2767962
0.99083	1116044	2034033
0.99083	1116044	349788
0.99083	1116044	2767962
0.99083	2034033	751259
0.99083	349788	751259
0.99083	2767962	751259
0.99074	1652230	102743
0.99074	1652230	830991
0.99074	1652230	2034033
0.99074	1652230	349788
0.99074	1652230	2767962
0.99074	237862	2498303
0.99074	2498303	2769397
0.99057	1472621	2769262
0.99029	449039	1021181
0.99020	135779	2202156
0.99020	98354	1879953
0.99020	1021181	2202156
0.99020	1576354	2202156
0.99020	109217	133574
0.99010	805987	2768623
0.99010	826740	2202156
0.99000	805987	2321751
0.99000	805987	2768221
0.99000	2321751	2769569
0.99000	2321751	2768800
0.99000	2321751	2769003
0.99000	2768221	2769569
0.99000	2768221	2768800
0.99000	2768221	2769003
0.98980	1394624	2427183
0.98980	2083	193523
0.98958	2768710	2769575
0.98958	2767771	2769575
0.98947	247045	1379097
0.98936	2769701	2767698
0.98936	1494783	302404
0.98925	1453767	102869
0.98925	1453767	249886
0.98925	1453767	2180695
0.98925	2564416	102869
0.98925	2564416	249886
0.98925	2564416	2180695
0.98925	280152	102869
0.98925	280152	249886
0.98925	280152	2180695
0.98925	2768186	102869
0.98925	2768186	249886
0.98925	2768186	2180695
0.98925	283599	102869
0.98925	283599	249886
0.98925	283599	2180695
0.98925	2769683	102869
0.98925	2769683	249886
0.98925	2769683	2180695
0.98925	246176	102869
0.98925	246176	249886
0.98925	246176	2180695
0.98925	375443	102869
0.98925	375443	249886
0.98925	375443	2180695
0.98925	77313	102869
0.98925	77313	249886
0.98925	77313	2180695
0.98925	2769114	102869
0.98925	2769114	249886
0.98925	2769114	2180695
0.98925	1538363	102869
0.98925	1538363	249886
0.98925	1538363	2180695
0.98925	102869	2416158
0.98925	102869	371708
0.98925	102869	1703733
0.98925	249886	2416158
0.98925	249886	371708
0.98925	249886	1703733
0.98925	2416158	2180695
0.98925	371708	2180695
0.98925	1703733	2180695
0.98913	2767645	43463
0.98889	1270646	40396
0.98889	2767805	40396
0.98889	877403	40396
0.98889	1157207	40396
0.98889	2769233	40396
0.98889	2630526	40396
0.98889	2769435	40396
0.98889	38398	40396
0.98889	988383	40396
0.98889	1301940	783123
0.98889	825773	40396
0.98889	199601	40396
0.98889	2675644	40396
0.98889	450893	40396
0.98889	1842605	40396
0.98889	40396	933428
0.98889	40396	2441631
0.98889	40396	2768730
0.98889	40396	2768141
0.98889	40396	418794
0.98889	40396	2769183
0.98889	40396	2769754
0.98889	40396	15250
0.98889	40396	2769257
0.98889	40396	1165862
0.98889	40396	3486
0.98889	40396	76025
0.98889	40396	791429
0.98889	40396	833541
0.98889	40396	2769489
0.98889	40396	2708586
0.98889	40396	312522
0.98889	40396	1910165
0.98889	40396	238400
0.98889	40396	1947916
0.98889	40396	813985
0.98889	40396	698238
0.98889	40396	1338378
0.98889	40396	2767890
0.98889	40396	45142
0.98889	40396	668396
0.98889	40396	2768761
0.98889	40396	194580
0.98876	1270646	344610
0.98876	1270646	2767725
0.98876	1270646	438651
0.98876	1270646	306485
0.98876	1270646	1641255
0.98876	1270646	2133940
0.98876	2767805	344610
0.98876	2767805	2767725
0.98876	2767805	438651
0.98876	2767805	306485
0.98876	2767805	1641255
0.98876	2767805	2133940
0.98876	344610	877403
0.98876	344610	1157207
0.98876	344610	2769233
0.98876	344610	2630526
0.98876	344610	2769435
0.98876	344610	38398
0.98876	344610	988383
0.98876	344610	825773
0.98876	344610	199601
0.98876	344610	2675644
0.98876	344610	450893
0.98876	344610	1842605
0.98876	344610	933428
0.98876	344610	2441631
0.98876	344610	2768730
0.98876	344610	2768141
0.98876	344610	418794
0.98876	344610	2769183
0.98876	344610	2769754
0.98876	344610	15250
0.98876	344610	2769257
0.98876	344610	1165862
0.98876	344610	3486
0.98876	344610	76025
0.98876	344610	791429
0.98876	344610	833541
0.98876	344610	2769489
0.98876	344610	2708586
0.98876	344610	312522
0.98876	344610	1910165
0.98876	344610	238400
0.98876	344610	1947916
0.98876	344610	813985
0.98876	344610	698238
0.98876	344610	1338378
0.98876	344610	2767890
0.98876	344610	45142
0.98876	344610	668396
0.98876	344610	2768761
0.98876	344610	194580
0.98876	877403	2767725
0.98876	877403	438651
0.98876	877403	306485
0.98876	877403	1641255
0.98876	877403	2133940
0.98876	1157207	2767725
0.98876	1157207	438651
0.98876	1157207	306485
0.98876	1157207	1641255
0.98876	1157207	2133940
0.98876	2769233	2767725
0.98876	2769233	438651
0.98876	2769233	306485
0.98876	2769233	1641255
0.98876	2769233	2133940
0.98876	2630526	2767725
0.98876	2630526	438651
0.98876	2630526	306485
0.98876	2630526	1641255
0.98876	2630526	2133940
0.98876	2769435	2767725
0.98876	2769435	438651
0.98876	2769435	306485
0.98876	2769435	1641255
0.98876	2769435	2133940
0.98876	38398	2767725
0.98876	38398	438651
0.98876	38398	306485
0.98876	38398	1641255
0.98876	38398	2133940
0.98876	988383	2767725
0.98876	988383	438651
0.98876	988383	306485
0.98876	988383	1641255
0.98876	988383	2133940
0.98876	825773	2767725
0.98876	825773	438651
0.98876	825773	306485
0.98876	825773	1641255
0.98876	825773	2133940
0.98876	199601	2767725
0.98876	199601	438651
0.98876	199601	306485
0.98876	199601	1641255
0.98876	199601	2133940
0.98876	2675644	2767725
0.98876	2675644	438651
0.98876	2675644	306485
0.98876	2675644	1641255
0.98876	2675644	2133940
0.98876	450893	2767725
0.98876	450893	438651
0.98876	450893	306485
0.98876	450893	1641255
0.98876	450893	2133940
0.98876	2767725	1842605
0.98876	2767725	933428
0.98876	2767725	2441631
0.98876	2767725	2768730
0.98876	2767725	2768141
0.98876	2767725	418794
0.98876	2767725	2769183
0.98876	2767725	2769754
0.98876	2767725	15250
0.98876	2767725	2769257
0.98876	2767725	1165862
0.98876	2767725	3486
0.98876	2767725	76025
0.98876	2767725	791429
0.98876	2767725	833541
0.98876	2767725	2769489
0.98876	2767725	2708586
0.98876	2767725	312522
0.98876	2767725	1910165
0.98876	2767725	238400
0.98876	2767725	1947916
0.98876	2767725	813985
0.98876	2767725	698238
0.98876	2767725	1338378
0.98876	2767725	2767890
0.98876	2767725	45142
0.98876	2767725	668396
0.98876	2767725	2768761
0.98876	2767725	194580
0.98876	1842605	438651
0.98876	1842605	306485
0.98876	1842605	1641255
0.98876	1842605	2133940
0.98876	933428	438651
0.98876	933428	306485
0.98876	933428	1641255
0.98876	933428	2133940
0.98876	2441631	438651
0.98876	2441631	306485
0.98876	2441631	1641255
0.98876	2441631	2133940
0.98876	2768730	438651
0.98876	2768730	306485
0.98876	2768730	1641255
0.98876	2768730	2133940
0.98876	2768141	438651
0.98876	2768141	306485
0.98876	2768141	1641255
0.98876	2768141	2133940
0.98876	418794	438651
0.98876	418794	306485
0.98876	418794	1641255
0.98876	418794	2133940
0.98876	2767682	2044093
0.98876	2769183	438651
0.98876	2769183	306485
0.98876	2769183	1641255
0.98876	2769183	2133940
0.98876	2769754	438651
0.98876	2769754	306485
0.98876	2769754	1641255
0.98876	2769754	2133940
0.98876	2044093	2691675
0.98876	2044093	507411
0.98876	2044093	2769876
0.98876	15250	438651
0.98876	15250	306485
0.98876	15250	1641255
0.98876	15250	2133940
0.98876	2769257	438651
0.98876	2769257	306485
0.98876	2769257	1641255
0.98876	2769257	2133940
0.98876	438651	1165862
0.98876	438651	3486
0.98876	438651	76025
0.98876	438651	791429
0.98876	438651	833541
0.98876	438651	2769489
0.98876	438651	2708586
0.98876	438651	312522
0.98876	438651	1910165
0.98876	438651	238400
0.98876	438651	1947916
0.98876	438651	813985
0.98876	438651	698238
0.98876	438651	1338378
0.98876	438651	2767890
0.98876	438651	45142
0.98876	438651	668396
0.98876	438651	2768761
0.98876	438651	194580
0.98876	1165862	306485
0.98876	1165862	1641255
0.98876	1165862	2133940
0.98876	3486	306485
0.98876	3486	1641255
0.98876	3486	2133940
0.98876	76025	306485
0.98876	76025	1641255
0.98876	76025	2133940
0.98876	791429	306485
0.98876	791429	1641255
0.98876	791429	2133940
0.98876	833541	306485
0.98876	833541	1641255
0.98876	833541	2133940
0.98876	2769489	306485
0.98876	2769489	1641255
0.98876	2769489	2133940
0.98876	2708586	306485
0.98876	2708586	1641255
0.98876	2708586	2133940
0.98876	2768159	2769538
0.98876	312522	306485
0.98876	312522	1641255
0.98876	312522	2133940
0.98876	1910165	306485
0.98876	1910165	1641255
0.98876	1910165	2133940
0.98876	238400	306485
0.98876	238400	1641255
0.98876	238400	2133940
0.98876	1947916	306485
0.98876	1947916	1641255
0.98876	1947916	2133940
0.98876	813985	306485
0.98876	813985	1641255
0.98876	813985	2133940
0.98876	306485	698238
0.98876	306485	1338378
0.98876	306485	2767890
0.98876	306485	45142
0.98876	306485	668396
0.98876	306485	2768761
0.98876	306485	194580
0.98876	1641255	698238
0.98876	1641255	1338378
0.98876	1641255	2767890
0.98876	1641255	45142
0.98876	1641255	668396
0.98876	1641255	2768761
0.98876	1641255	194580
0.98876	698238	2133940
0.98876	1338378	2133940
0.98876	2767890	2133940
0.98876	45142	2133940
0.98876	668396	2133940
0.98876	2768761	2133940
0.98876	2133940	194580
0.98864	344610	249044
0.98864	2769781	2163089
0.98864	2769781	245390
0.98864	235063	1072065
0.98864	2767725	249044
0.98864	2767613	2163089
0.98864	2767613	245390
0.98864	169741	282021
0.98864	2163089	2769452
0.98864	2163089	1853866
0.98864	2163089	1119901
0.98864	2163089	2768707
0.98864	2163089	1932228
0.98864	438651	705685
0.98864	2769452	245390
0.98864	1853866	245390
0.98864	1119901	245390
0.98864	249044	1641255
0.98864	245390	2768707
0.98864	245390	1932228
0.98851	2769008	705685
0.98851	1990152	705685
0.98851	2163089	280511
0.98851	2163089	1351348
0.98851	2767808	705685
0.98851	311723	705685
0.98837	2769008	222089
0.98837	2769008	1663901
0.98837	2769008	702120
0.98837	2769008	697895
0.98837	2769008	2767656
0.98837	1990152	222089
0.98837	1990152	1663901
0.98837	1990152	702120
0.98837	1990152	697895
0.98837	1990152	2767656
0.98837	998062	280511
0.98837	998062	1351348
0.98837	222089	311723
0.98837	529021	413223
0.98837	311723	1663901
0.98837	311723	702120
0.98837	311723	697895
0.98837	311723	2767656
0.98824	550527	2767697
0.98824	2869	566852
0.98824	2869	2578919
0.98824	2869	400099
0.98824	2869	1166230
0.98824	2869	1395930
0.98824	1925700	998062
0.98824	2011099	566852
0.98824	2011099	2578919
0.98824	2011099	400099
0.98824	2011099	1166230
0.98824	2011099	1395930
0.98824	566852	2768213
0.98824	566852	279549
0.98824	566852	660125
0.98824	566852	2769024
0.98824	566852	1234682
0.98824	566852	234800
0.98824	566852	1697276
0.98824	2578919	2768213
0.98824	2578919	279549
0.98824	2578919	660125
0.98824	2578919	2769024
0.98824	2578919	1234682
0.98824	2578919	234800
0.98824	2578919	1697276
0.98824	2768213	400099
0.98824	2768213	1166230
0.98824	2768213	1395930
0.98824	998062	603996
0.98824	279549	400099
0.98824	279549	1166230
0.98824	279549	1395930
0.98824	222089	505601
0.98824	400099	660125
0.98824	400099	2769024
0.98824	400099	1234682
0.98824	400099	234800
0.98824	400099	1697276
0.98824	1663901	505601
0.98824	660125	1166230
0.98824	660125	1395930
0.98824	1166230	2769024
0.98824	1166230	1234682
0.98824	1166230	234800
0.98824	1166230	1697276
0.98824	2769024	1395930
0.98824	1395930	1234682
0.98824	1395930	234800
0.98824	1395930	1697276
0.98824	702120	505601
0.98824	697895	505601
0.98824	2767656	505601
0.98810	2869	1997112
0.98810	2011099	1997112
0.98810	2768213	1997112
0.98810	279549	1997112
0.98810	660125	1997112
0.98810	2769024	1997112
0.98810	1997112	1234682
0.98810	1997112	234800
0.98810	1997112	1697276
0.98795	2769222	2769674
0.98795	2769222	851973
0.98780	2769702	1591610
0.98780	2769702	308922
0.98780	2769702	136419
0.98780	2769702	331206
0.98780	2769702	1376838
0.98780	2769702	591952
0.98780	2769702	396748
0.98780	2769702	631509
0.98780	2769702	26538
0.98780	2769702	315153
0.98780	1591610	30372
0.98780	1591610	168346
0.98780	1591610	2578662
0.98780	1591610	1188603
0.98780	1591610	2768168
0.98780	1591610	2706945
0.98780	1591610	2769411
0.98780	1591610	838323
0.98780	308922	30372
0.98780	308922	168346
0.98780	308922	2578662
0.98780	308922	1188603
0.98780	308922	2768168
0.98780	308922	2706945
0.98780	308922	2769411
0.98780	308922	838323
0.98780	707606	286950
0.98780	30372	136419
0.98780	30372	331206
0.98780	30372	1376838
0.98780	30372	591952
0.98780	30372	396748
0.98780	30372	631509
0.98780	30372	26538
0.98780	30372	315153
0.98780	168346	136419
0.98780	168346	331206
0.98780	168346	1376838
0.98780	168346	591952
0.98780	168346	396748
0.98780	168346	631509
0.98780	168346	26538
0.98780	168346	315153
0.98780	189045	214782
0.98780	189045	521428
0.98780	136419	2578662
0.98780	136419	1188603
0.98780	136419	2768168
0.98780	136419	2706945
0.98780	136419	2769411
0.98780	136419	838323
0.98780	2578662	331206
0.98780	2578662	1376838
0.98780	2578662	591952
0.98780	2578662	396748
0.98780	2578662	631509
0.98780	2578662	26538
0.98780	2578662	315153
0.98780	47940	2769674
0.98780	1188603	331206
0.98780	1188603	1376838
0.98780	1188603	591952
0.98780	1188603	396748
0.98780	1188603	631509
0.98780	1188603	26538
0.98780	1188603	315153
0.98780	331206	2768168
0.98780	331206	2706945
0.98780	331206	2769411
0.98780	331206	838323
0.98780	214782	2042805
0.98780	214782	2769707
0.98780	214782	2767634
0.98780	2768168	1376838
0.98780	2768168	591952
0.98780	2768168	396748
0.98780	2768168	631509
0.98780	2768168	26538
0.98780	2768168	315153
0.98780	2706945	1376838
0.98780	2706945	591952
0.98780	2706945	396748
0.98780	2706945	631509
0.98780	2706945	26538
0.98780	2706945	315153
0.98780	2769411	1376838
0.98780	2769411	591952
0.98780	2769411	396748
0.98780	2769411	631509
0.98780	2769411	26538
0.98780	2769411	315153
0.98780	838323	1376838
0.98780	838323	591952
0.98780	838323	396748
0.98780	838323	631509
0.98780	838323	26538
0.98780	838323	315153
0.98780	2767631	851973
0.98780	2042805	521428
0.98780	521428	2769707
0.98780	521428	2767634
0.98765	2769749	919923
0.98765	2769749	2767631
0.98765	1007578	2768777
0.98765	1007578	2896
0.98765	1007578	2769332
0.98765	2768000	2768777
0.98765	2768000	2896
0.98765	2768000	2769332
0.98765	2519975	2768777
0.98765	2519975	2896
0.98765	2519975	2769332
0.98765	2769525	919923
0.98765	2769525	2767631
0.98765	2768849	2768777
0.98765	2768849	2896
0.98765	2768849	2769332
0.98765	2768930	2768777
0.98765	2768930	2896
0.98765	2768930	2769332
0.98765	1847758	2768777
0.98765	1847758	2896
0.98765	1847758	2769332
0.98765	1562790	2768777
0.98765	1562790	2896
0.98765	1562790	2769332
0.98765	414502	1590863
0.98765	414502	2767598
0.98765	414502	74089
0.98765	414502	1554967
0.98765	2177524	654
0.98765	2177524	2769802
0.98765	523926	2768777
0.98765	523926	2896
0.98765	523926	2769332
0.98765	2306202	2768777
0.98765	2306202	2896
0.98765	2306202	2769332
0.98765	611799	2768777
0.98765	611799	2896
0.98765	611799	2769332
0.98765	1365630	2768777
0.98765	1365630	2896
0.98765	1365630	2769332
0.98765	427554	919923
0.98765	427554	2767631
0.98765	1157044	2768777
0.98765	1157044	2896
0.98765	1157044	2769332
0.98765	584605	2768777
0.98765	584605	2896
0.98765	584605	2769332
0.98765	47940	1910222
0.98765	47940	1479091
0.98765	47940	56647
0.98765	2767924	654
0.98765	2767924	2769802
0.98765	996626	1361317
0.98765	996626	2767631
0.98765	395704	1361317
0.98765	395704	2767631
0.98765	2768777	2769508
0.98765	2768777	657282
0.98765	2768777	2769215
0.98765	2768777	541958
0.98765	2768777	1305167
0.98765	2768777	866762
0.98765	2768777	766765
0.98765	2768777	827788
0.98765	2768777	170610
0.98765	2768777	1099249
0.98765	2768777	1108622
0.98765	2768777	1568211
0.98765	2768777	1544266
0.98765	2768777	2768519
0.98765	2768777	1633229
0.98765	2768777	2769255
0.98765	2768777	2491905
0.98765	2769508	2896
0.98765	2769508	2769332
0.98765	2769501	654
0.98765	2769501	2769802
0.98765	2701036	654
0.98765	2701036	2769802
0.98765	657282	2896
0.98765	657282	2769332
0.98765	2769215	2896
0.98765	2769215	2769332
0.98765	2545352	654
0.98765	2545352	2769802
0.98765	2760345	654
0.98765	2760345	2769802
0.98765	1563522	919923
0.98765	1563522	2767631
0.98765	919923	233098
0.98765	919923	2461719
0.98765	541958	2896
0.98765	541958	2769332
0.98765	1305167	2896
0.98765	1305167	2769332
0.98765	866762	2896
0.98765	866762	2769332
0.98765	233098	2767631
0.98765	766765	2896
0.98765	766765	2769332
0.98765	2896	827788
0.98765	2896	170610
0.98765	2896	1099249
0.98765	2896	1108622
0.98765	2896	1568211
0.98765	2896	1544266
0.98765	2896	2768519
0.98765	2896	1633229
0.98765	2896	2769255
0.98765	2896	2491905
0.98765	865347	1361317
0.98765	865347	2767631
0.98765	827788	2769332
0.98765	170610	2769332
0.98765	1099249	2769332
0.98765	1361317	1479091
0.98765	1361317	2767632
0.98765	2767631	2461719
0.98765	2767631	2767632
0.98765	654	2769329
0.98765	654	824023
0.98765	654	209009
0.98765	1782778	2767598
0.98765	1782778	74089
0.98765	1782778	1554967
0.98765	1108622	2769332
0.98765	1568211	2769332
0.98765	1544266	2769332
0.98765	1580825	2767598
0.98765	1580825	74089
0.98765	1580825	1554967
0.98765	2768519	2769332
0.98765	2769332	1633229
0.98765	2769332	2769255
0.98765	2769332	2491905
0.98765	2769329	2769802
0.98765	824023	2769802
0.98765	209009	2769802
0.98750	2769749	2122402
0.98750	2769749	942385
0.98750	2769749	2768250
0.98750	2769749	555644
0.98750	2769749	483002
0.98750	2769749	1027717
0.98750	2769749	2769594
0.98750	2769749	536581
0.98750	2769749	373742
0.98750	2769749	1909420
0.98750	2769749	247289
0.98750	2769749	2767877
0.98750	2769749	880141
0.98750	2768759	2177524
0.98750	2768759	2767924
0.98750	2768759	2769501
0.98750	2768759	2701036
0.98750	2768759	2545352
0.98750	2768759	2760345
0.98750	2768759	2769329
0.98750	2768759	824023
0.98750	2768759	209009
0.98750	1007578	525026
0.98750	2768000	525026
0.98750	2519975	525026
0.98750	2769525	2122402
0.98750	2769525	942385
0.98750	2769525	2768250
0.98750	2769525	555644
0.98750	2769525	483002
0.98750	2769525	1027717
0.98750	2769525	2769594
0.98750	2769525	536581
0.98750	2769525	373742
0.98750	2769525	1909420
0.98750	2769525	247289
0.98750	2769525	2767877
0.98750	2769525	880141
0.98750	822115	1840526
0.98750	822115	1206171
0.98750	2768849	525026
0.98750	2768930	525026
0.98750	1847758	525026
0.98750	2122402	427554
0.98750	2122402	996626
0.98750	2122402	395704
0.98750	2122402	1563522
0.98750	2122402	1910222
0.98750	2122402	233098
0.98750	2122402	865347
0.98750	2122402	1479091
0.98750	2122402	2461719
0.98750	2122402	56647
0.98750	2122402	2767632
0.98750	1562790	525026
0.98750	942385	427554
0.98750	942385	996626
0.98750	942385	395704
0.98750	942385	1563522
0.98750	942385	1910222
0.98750	942385	233098
0.98750	942385	865347
0.98750	942385	1479091
0.98750	942385	2461719
0.98750	942385	56647
0.98750	942385	2767632
0.98750	1364866	1389568
0.98750	523926	525026
0.98750	2306202	525026
0.98750	611799	525026
0.98750	1365630	525026
0.98750	427554	2768250
0.98750	427554	555644
0.98750	427554	483002
0.98750	427554	1027717
0.98750	427554	2769594
0.98750	427554	536581
0.98750	427554	373742
0.98750	427554	1909420
0.98750	427554	247289
0.98750	427554	2767877
0.98750	427554	880141
0.98750	1157044	525026
0.98750	584605	525026
0.98750	1047697	1389568
0.98750	996626	2768250
0.98750	996626	555644
0.98750	996626	483002
0.98750	996626	1027717
0.98750	996626	2769594
0.98750	996626	536581
0.98750	996626	373742
0.98750	996626	1909420
0.98750	996626	2767877
0.98750	996626	880141
0.98750	395704	2768250
0.98750	395704	555644
0.98750	395704	483002
0.98750	395704	1027717
0.98750	395704	2769594
0.98750	395704	536581
0.98750	395704	373742
0.98750	395704	1909420
0.98750	395704	2767877
0.98750	395704	880141
0.98750	463494	1389568
0.98750	2769508	525026
0.98750	657282	525026
0.98750	2769215	525026
0.98750	1563522	2768250
0.98750	1563522	555644
0.98750	1563522	483002
0.98750	1563522	1027717
0.98750	1563522	2769594
0.98750	1563522	536581
0.98750	1563522	373742
0.98750	1563522	1909420
0.98750	1563522	247289
0.98750	1563522	2767877
0.98750	1563522	880141
0.98750	1910222	2768250
0.98750	1910222	555644
0.98750	1910222	483002
0.98750	1910222	1027717
0.98750	1910222	2769594
0.98750	1910222	536581
0.98750	1910222	373742
0.98750	1910222	1909420
0.98750	1910222	2767877
0.98750	1910222	880141
0.98750	541958	525026
0.98750	1389568	931530
0.98750	1389568	2633182
0.98750	1389568	1462131
0.98750	1389568	427410
0.98750	1389568	2769367
0.98750	2768250	233098
0.98750	2768250	865347
0.98750	2768250	1479091
0.98750	2768250	2461719
0.98750	2768250	56647
0.98750	2768250	2767632
0.98750	1305167	525026
0.98750	866762	525026
0.98750	233098	555644
0.98750	233098	483002
0.98750	233098	1027717
0.98750	233098	2769594
0.98750	233098	536581
0.98750	233098	373742
0.98750	233098	1909420
0.98750	233098	247289
0.98750	233098	2767877
0.98750	233098	880141
0.98750	555644	865347
0.98750	555644	1479091
0.98750	555644	2461719
0.98750	555644	56647
0.98750	555644	2767632
0.98750	483002	865347
0.98750	483002	1479091
0.98750	483002	2461719
0.98750	483002	56647
0.98750	483002	2767632
0.98750	766765	525026
0.98750	865347	1027717
0.98750	865347	2769594
0.98750	865347	536581
0.98750	865347	373742
0.98750	865347	1909420
0.98750	865347	2767877
0.98750	865347	880141
0.98750	827788	525026
0.98750	1027717	1479091
0.98750	1027717	2461719
0.98750	1027717	56647
0.98750	1027717	2767632
0.98750	2769594	1479091
0.98750	2769594	2461719
0.98750	2769594	56647
0.98750	2769594	2767632
0.98750	170610	525026
0.98750	1099249	525026
0.98750	1479091	536581
0.98750	1479091	373742
0.98750	1479091	1909420
0.98750	1479091	2767877
0.98750	1479091	880141
0.98750	536581	2461719
0.98750	536581	56647
0.98750	536581	2767632
0.98750	2461719	373742
0.98750	2461719	1909420
0.98750	2461719	247289
0.98750	2461719	2767877
0.98750	2461719	880141
0.98750	56647	373742
0.98750	56647	1909420
0.98750	56647	2767877
0.98750	56647	880141
0.98750	1108622	525026
0.98750	1568211	525026
0.98750	373742	2767632
0.98750	1544266	525026
0.98750	1909420	2767632
0.98750	2767632	2767877
0.98750	2767632	880141
0.98750	525026	2768519
0.98750	525026	1633229
0.98750	525026	2769255
0.98750	525026	2491905
0.98734	2767702	395239
