1	268118	l	1	3	63	3274	2	31	6	135.648
2	827744	x	0	1	24	859	1	6	2	362.273
3	726990	u	1	3	95	2537	5	99	18	265.58
4	610629	z	1	1	42	716	3	54	10	632.048
5	833115	m	1	2	59	2292	3	41	8	533.392
6	712094	g	0	3	93	3913	2	32	6	141.458
7	488577	w	1	2	53	2093	4	78	12	974.54
8	89810	e	1	3	74	3890	2	25	5	714.868
9	788826	d	1	2	56	2166	3	46	8	186.246
10	235205	v	0	1	6	1420	1	8	2	23.689
11	141492	y	1	3	74	3903	2	23	7	63.7226
12	985649	c	1	2	57	2148	3	52	9	938.597
13	995423	x	1	1	42	776	1	14	0	682.467
14	224504	m	0	1	21	1810	3	60	10	789.42
15	780488	t	1	2	57	2351	2	23	7	746.001
16	41162	p	1	3	67	3998	8	142	30	358.135
17	182710	p	1	3	68	2685	2	34	5	204.39
18	184776	f	0	1	24	236	2	29	4	661.578
19	135082	q	0	2	55	2424	10	183	37	938.55
20	216692	d	0	1	48	1460	3	59	9	804.628
21	384292	e	1	1	47	412	1	20	1	919.945
22	508543	s	1	1	9	1520	2	31	6	580.663
23	208208	f	0	1	15	729	1	10	1	795.06
24	566554	z	0	1	23	1611	1	9	1	833.116
25	187883	p	0	2	53	2243	2	35	4	450.422
26	247741	v	0	1	29	1345	3	42	11	831.818
27	360053	s	0	2	56	2453	1	11	3	682.021
28	735099	c	0	1	24	13	10	196	37	96.1138
29	384944	l	0	3	92	3624	1	8	0	401.019
30	925335	i	0	1	50	279	1	12	0	524.735
31	215577	w	0	1	16	44	2	29	4	190.133
32	558395	s	1	1	2	1451	2	27	7	948.997
33	789867	b	1	2	57	2307	2	29	4	208.125
34	963246	x	0	1	36	422	2	32	4	995.849
35	233467	t	1	1	41	192	3	48	8	529.951
36	882151	z	0	1	22	668	2	23	5	843.668
37	535265	j	1	1	6	1081	3	42	10	994.658
38	213654	f	0	2	59	2297	3	57	9	775.599
39	485443	p	0	3	94	3832	1	5	3	734.307
40	500032	l	0	2	55	2181	2	33	5	960.021
41	80866	y	1	2	52	2042	1	12	2	282.576
42	251271	v	1	2	56	2382	2	36	5	540.709
43	690698	v	1	1	21	1552	3	48	10	712.976
44	993935	o	1	3	81	2789	1	6	1	516.928
45	6332	e	0	3	76	3497	1	5	2	161.134
46	175734	f	1	3	84	3791	3	42	9	433.311
47	660877	c	0	1	47	1184	2	26	4	167.259
48	123349	d	1	2	55	2259	8	158	30	509.022
49	128560	n	1	3	69	3613	2	36	7	149.571
50	834667	z	0	1	26	1245	2	33	5	620.482
51	444533	p	0	2	54	2022	3	44	8	199.991
52	254638	q	1	3	89	3376	1	16	3	374.967
53	62514	g	1	1	22	533	2	37	6	912.386
54	466003	c	0	1	41	1483	1	3	2	506.613
55	647087	l	1	3	79	2762	1	14	3	618.733
56	47963	e	0	3	64	3965	2	24	6	756.398
57	785893	j	0	3	94	3093	1	14	3	714.519
58	916255	q	1	1	46	1547	3	48	9	828.926
59	766846	w	0	3	92	3193	3	60	8	482.871
60	618156	n	1	1	5	477	1	9	3	792.847
61	378245	j	1	1	21	893	1	14	1	509.647
62	638341	p	0	2	53	2014	2	30	4	329.357
63	502461	m	0	3	77	2593	2	26	4	922.294
64	82	p	1	3	93	3756	2	21	5	611.172
65	967636	e	0	2	56	2412	2	25	4	985.047
66	676743	e	0	3	96	3720	3	55	8	823.87
67	775380	m	1	2	53	2467	9	161	32	404.018
68	335887	p	1	3	84	3487	3	60	8	891.865
69	582930	o	1	1	46	825	3	48	11	795.689
70	148251	h	0	2	52	2053	1	5	3	905.924
71	856267	f	0	1	21	679	3	42	11	965.555
72	81909	w	0	2	55	2208	2	36	6	483.371
73	11162	x	0	1	11	578	3	53	8	389.147
74	389648	l	1	1	37	927	1	5	3	192.004
75	14835	n	1	2	56	2488	1	17	1	824.03
76	471399	x	0	3	75	3661	4	73	13	478.119
77	748038	b	1	1	50	501	3	58	11	639.004
78	733925	t	0	3	86	2966	2	35	7	230.473
79	557617	b	1	3	95	3856	3	56	9	405.876
80	564540	t	0	2	59	2050	3	43	11	530.162
81	436497	r	1	1	34	1297	3	51	11	622.36
82	3757	y	1	1	36	1767	2	25	7	396.827
83	468954	l	1	1	29	593	2	23	5	484.066
84	690610	u	0	3	77	3193	3	41	10	291.617
85	209927	d	1	3	84	3484	3	48	10	199.898
86	684238	z	1	2	53	2164	3	44	10	571.932
87	453156	j	1	1	5	549	1	3	1	683.216
88	817798	i	0	1	10	1695	3	60	9	107.885
89	220846	b	1	3	98	3004	2	23	5	587.759
90	460373	f	1	1	32	381	9	166	32	625.797
91	776238	g	0	2	56	2447	1	9	3	179.375
92	750013	q	0	3	70	3823	1	8	3	708.24
93	384741	f	1	3	74	2628	3	48	9	89.5423
94	937773	q	0	1	49	408	1	18	2	335.316
95	659913	z	1	1	26	33	3	48	10	503.059
96	909123	m	1	1	31	1261	1	2	0	801.07
97	589172	z	0	1	15	1207	2	33	7	40.0627
98	334080	d	0	3	99	3980	2	35	6	715.467
99	856323	m	1	3	95	3693	3	60	8	1.09678
100	433597	y	1	2	58	2366	1	20	2	936.974
101	729652	a	0	2	53	2465	1	14	0	792.03
102	647874	m	1	3	99	3043	10	196	36	529.717
103	948149	a	1	1	33	619	2	40	4	112.595
104	380994	e	1	1	4	883	3	51	11	75.5467
105	713733	c	0	1	32	1146	1	19	0	311.395
106	616789	b	1	2	60	2336	3	59	8	598.08
107	933796	n	1	2	52	2038	3	56	8	402.857
108	815818	w	1	3	99	3361	3	54	8	17.6907
109	327878	t	1	1	3	885	9	180	32	830.562
110	262431	v	1	2	56	2219	3	43	11	695.505
111	349789	a	1	3	77	3848	2	34	7	808.013
112	268739	h	0	3	70	3361	2	30	6	903.669
113	959375	z	1	3	89	3780	1	6	3	416.673
114	21275	p	1	1	9	1921	2	32	4	599.805
115	920727	x	0	3	93	3401	3	47	9	85.5835
116	402326	y	0	2	57	2362	2	37	6	88.5846
117	840748	n	0	1	19	1913	2	34	6	897.118
118	858999	s	0	2	54	2305	6	120	22	527.882
119	116409	h	1	1	32	765	3	50	8	424.516
120	835287	o	1	2	57	2476	1	15	3	152.952
121	659422	k	0	2	54	2495	2	29	6	701.489
122	925020	d	0	2	52	2057	2	26	4	230.255
123	902179	b	1	2	59	2147	3	50	10	199.048
124	399713	j	1	3	89	3429	2	31	4	726.811
125	514865	k	1	3	62	3408	3	52	8	634.984
126	184423	l	0	1	8	1016	9	177	32	759.907
127	757773	f	1	2	58	2060	1	13	2	118.062
128	274191	e	0	3	85	3165	8	148	30	692.843
129	604049	t	1	1	31	895	2	21	4	440.586
130	923595	e	0	2	58	2005	1	12	1	444.893
131	310178	u	1	2	56	2160	3	43	10	925.102
132	185512	h	0	1	27	1556	2	23	4	990.972
133	264889	s	0	3	77	2858	10	197	37	973.998
134	976300	j	0	1	8	549	1	2	2	355.875
135	192668	t	1	3	80	3378	1	1	1	940.661
136	682416	i	0	2	60	2086	1	12	1	221.701
137	126579	o	0	1	49	1304	3	57	10	64.5321
138	590845	u	1	1	50	694	2	36	7	440.349
139	953388	i	1	3	77	2620	3	41	11	824.482
140	75296	x	1	2	52	2414	1	20	0	793.8
141	395474	u	1	3	97	2779	1	5	1	819.078
142	252073	q	1	3	76	3416	3	48	11	781.08
143	608180	v	1	1	45	1488	2	31	6	959.548
144	122779	e	0	1	20	1627	8	152	30	505.196
145	833817	e	0	2	52	2358	1	1	2	348.333
146	427291	c	1	2	56	2394	1	19	3	80.8273
147	463868	y	1	2	54	2393	6	109	23	196.374
148	456287	j	0	1	38	957	1	10	3	951.526
149	290746	p	0	2	52	2172	10	185	37	808.131
150	256996	h	1	1	32	559	3	47	8	895.111
151	128153	a	0	2	55	2035	1	20	0	419.746
152	663142	g	1	3	80	2663	9	162	32	265.561
153	286429	e	1	1	25	385	1	8	2	913.527
154	643057	h	0	2	53	2141	1	3	1	660.545
155	773088	i	1	1	10	889	2	34	4	22.274
156	358494	u	0	2	59	2205	1	7	1	185.444
157	751013	l	0	3	94	3980	3	43	10	808.8
158	509148	r	0	3	74	3907	2	36	4	369.542
159	885508	s	1	3	78	2830	2	37	6	41.9974
160	850798	e	0	3	64	3597	2	29	7	110.578
161	481803	p	1	3	74	2634	3	43	11	723.218
162	130779	h	1	2	56	2224	1	19	3	375.912
163	944620	e	1	1	36	1352	3	55	10	748.969
164	916367	u	0	2	59	2026	1	2	2	927.105
165	857457	p	1	1	43	863	1	1	1	600.374
166	481521	e	0	3	69	3984	3	46	11	78.2725
167	525714	s	1	1	2	733	9	161	32	434.886
168	134463	t	1	2	59	2001	3	52	11	442.769
169	619696	e	0	3	82	3710	2	38	6	997.443
170	30564	o	0	2	52	2201	3	45	8	271.007
171	820373	o	1	1	20	622	1	7	1	322.82
172	637510	s	1	2	53	2165	2	39	6	530.506
173	221209	n	1	2	55	2086	2	30	7	117.23
174	277794	a	0	2	59	2359	3	44	9	566.686
175	294741	v	1	3	91	3537	1	18	1	189.328
176	36370	i	1	2	54	2277	1	10	0	428.649
177	308480	d	1	2	52	2023	3	58	8	398.568
178	735904	v	0	2	52	2481	1	16	1	543.916
179	597947	d	1	2	59	2378	2	33	5	910.927
180	953477	h	1	1	46	309	9	173	32	164.732
181	649800	q	1	2	54	2196	5	93	18	856.609
182	24064	j	1	3	100	3081	2	38	7	663.402
183	801004	t	1	3	89	3528	1	11	0	288.243
184	503883	e	0	2	58	2232	7	133	24	540.737
185	163262	w	0	3	78	3626	1	18	0	404.726
186	232876	h	1	2	56	2010	3	43	9	518.071
187	226956	g	1	2	58	2076	2	30	4	750.417
188	257800	q	1	3	98	3957	3	59	8	947.588
189	115828	y	0	3	71	3157	3	56	10	124.344
190	844532	c	1	3	70	3083	3	46	9	443.683
191	986928	c	0	2	57	2275	3	47	11	192.481
192	29757	b	1	2	52	2163	1	16	1	341.22
193	880940	e	0	3	61	3257	1	6	1	78.824
194	794593	c	1	3	90	3695	1	1	1	317.25
195	13863	l	1	3	69	3034	2	33	5	640.454
196	104050	f	1	2	59	2468	1	6	2	835.112
197	734605	w	0	1	14	1583	1	15	2	973.489
198	431134	x	0	1	49	440	1	8	2	460.292
199	133876	b	0	2	58	2069	3	57	10	711.522
200	543606	x	0	3	81	3512	3	55	9	179.491
201	700054	y	0	2	52	2205	2	27	5	594.271
202	912874	t	0	3	100	3662	1	10	1	701.969
203	995627	g	1	2	55	2180	5	86	17	87.3998
204	929001	h	1	2	59	2421	2	38	5	382.273
205	858976	f	1	2	60	2132	1	8	1	376.137
206	727512	s	0	2	59	2019	1	8	3	429.607
207	412526	z	1	3	87	3549	2	21	5	256.294
208	538183	e	0	2	54	2255	3	42	9	476.58
209	875580	t	1	3	95	3488	3	56	10	255.445
210	265147	v	0	1	42	467	2	40	4	760.631
211	918339	q	1	2	53	2295	2	31	5	331.618
212	501183	h	1	3	99	3138	1	16	1	760.445
213	806246	o	0	3	87	2831	1	9	2	179.09
214	968085	y	0	2	54	2191	1	14	1	479.434
215	848390	e	0	1	9	415	1	16	2	348.734
216	172408	s	1	3	73	3501	5	82	16	479.729
217	811842	m	0	1	1	496	3	41	11	844.568
218	655943	n	0	1	24	822	2	26	7	559.395
219	746900	m	0	2	57	2186	3	57	11	114.802
220	485357	x	1	3	87	2866	2	36	7	883.014
221	819992	t	0	3	66	3201	3	52	9	482.621
222	407507	b	1	3	63	3167	2	36	7	537.288
223	192539	b	1	1	32	1009	2	21	7	851.124
224	844195	v	0	1	38	258	3	57	9	180.021
225	613091	q	1	3	80	3133	1	8	3	794.735
226	103318	o	0	1	31	501	2	31	4	783.64
227	645181	d	1	2	51	2309	2	39	7	892.311
228	75841	c	0	2	56	2203	2	34	5	231.413
229	352725	b	1	2	60	2182	3	49	9	196.228
230	5812	s	0	2	57	2132	1	11	3	932.342
231	872774	v	1	2	51	2283	2	39	7	169.353
232	310964	m	1	3	82	2867	3	41	10	614.037
233	124523	h	1	1	25	583	3	42	9	55.248
234	552866	x	1	2	58	2398	2	38	4	672.395
235	939002	a	0	2	59	2478	3	54	11	919.75
236	236581	k	1	2	58	2356	7	125	27	456.35
237	878173	q	0	2	57	2068	10	183	37	127.662
238	622698	b	0	2	53	2109	1	4	0	782.488
239	268601	p	1	1	12	1861	3	59	8	677.691
240	947877	z	0	2	59	2479	6	110	21	751.869
241	654761	m	0	2	51	2204	3	46	9	614.168
242	321439	v	0	2	60	2334	2	24	6	893.989
243	270532	i	0	1	42	695	1	17	2	756.362
244	174435	d	0	2	58	2276	1	7	3	27.9447
245	665945	m	0	1	3	714	1	19	3	578.594
246	422634	j	0	3	79	3356	1	12	3	864.109
247	72311	c	0	3	80	3932	1	12	0	613.18
248	724191	z	1	3	83	3466	3	46	8	559.346
249	934335	k	1	2	57	2076	2	28	6	559.574
250	765663	r	0	2	51	2326	2	31	4	54.5461
251	756180	f	1	1	36	1227	3	42	11	70.3432
252	257602	i	0	3	64	3782	2	25	6	615.138
253	627281	b	0	3	75	3949	3	44	11	873.344
254	290376	k	1	1	21	1371	1	12	2	149.278
255	910433	h	1	2	54	2394	3	43	9	870.75
256	689908	u	0	1	6	1254	3	53	10	66.7782
257	341799	k	0	1	10	1802	3	56	8	770.801
258	850783	f	0	1	38	430	1	14	3	300.845
259	304766	y	1	3	64	3811	2	33	6	996.349
260	630269	t	0	2	54	2171	6	117	23	452.305
261	892061	g	1	1	34	511	2	29	6	944.511
262	392457	q	0	2	58	2025	1	12	2	566.769
263	688195	j	0	2	59	2250	3	41	9	520.679
264	47259	q	1	3	100	3332	2	22	6	421.671
265	16288	a	0	1	40	1213	2	31	4	579.147
266	718490	c	1	2	57	2377	1	13	2	632.884
267	883373	c	1	2	52	2093	1	4	1	216.058
268	282699	r	0	1	30	191	1	15	3	400.994
269	514278	u	1	1	50	1930	5	86	16	584.454
270	919463	e	1	1	21	217	10	183	37	502.134
271	360045	m	0	2	57	2187	3	45	10	16.5954
272	919208	y	1	3	65	2644	3	45	11	890.462
273	986896	d	1	2	57	2302	1	20	3	796.001
274	394744	k	1	2	55	2403	2	34	6	570.339
275	692436	q	0	3	61	3536	2	34	7	394.74
276	397232	s	1	3	89	3876	2	32	5	311.453
277	593410	w	0	2	59	2357	3	55	11	185.793
278	624038	b	0	3	75	2867	7	128	27	378.308
279	220627	s	1	1	38	1816	1	12	0	787.209
280	623031	y	1	1	39	957	3	49	10	981.928
281	256809	j	1	3	100	3427	5	84	17	729.17
282	167141	l	1	2	57	2333	1	13	1	388.19
283	309519	v	0	2	54	2475	2	34	5	755.768
284	194906	e	1	1	39	381	2	22	4	161.244
285	30905	l	1	3	71	2748	2	38	5	972.058
286	376827	v	1	1	27	511	1	2	1	518.083
287	416221	g	1	1	36	483	1	10	1	428.719
288	488540	b	1	3	93	3567	1	2	1	393.418
289	179148	g	1	2	52	2079	3	50	11	16.4892
290	133176	t	0	2	60	2039	3	51	10	428.758
291	128299	x	0	3	74	2967	3	44	10	929.504
292	172971	z	1	2	53	2485	2	36	7	968.353
293	106672	y	1	1	49	685	3	50	8	552.71
294	394266	j	0	3	85	3235	1	5	0	173.804
295	119635	c	0	3	61	3407	1	6	0	982.296
296	455795	r	0	1	37	614	7	131	25	323.101
297	356646	b	0	3	88	2680	3	42	8	718.208
298	920392	o	0	3	88	2896	1	7	1	582.766
299	553187	i	0	1	37	1409	2	32	4	770.134
300	638789	u	0	3	87	2555	3	51	8	735.664
301	296571	o	1	1	19	1229	3	46	9	341.617
302	563149	e	0	3	77	3086	3	55	9	416.229
303	552868	e	1	3	86	3294	7	136	25	687.539
304	461257	n	1	1	21	1669	2	25	5	78.3246
305	401368	u	0	1	35	1230	3	57	8	549.549
306	264403	w	1	3	76	3261	3	58	8	86.5138
307	37948	n	0	2	60	2117	3	52	11	707.103
308	276684	c	1	3	89	3833	2	24	5	188.181
309	766088	u	1	2	56	2386	1	16	1	212.941
310	905733	j	0	1	30	1973	3	44	9	770.294
311	332445	v	0	2	60	2377	2	23	5	532.51
312	891095	h	1	1	33	476	2	37	5	902.4
313	633380	l	1	2	56	2079	1	13	3	91.4527
314	45344	k	0	3	65	2801	9	178	34	855.213
315	563786	b	0	3	65	3466	4	62	15	846.687
316	274533	s	1	3	78	3346	3	50	11	398.111
317	51764	f	1	2	60	2461	3	42	11	821.973
318	903712	d	1	2	58	2402	1	7	2	397.391
319	951633	y	0	2	55	2127	8	147	30	306.96
320	79763	l	1	2	53	2084	3	48	9	485.546
321	576132	a	0	2	55	2213	3	51	11	162.226
322	532726	l	0	3	87	3130	2	27	4	596.22
323	672194	p	1	1	43	1632	4	73	14	707.468
324	418505	z	0	1	7	599	3	42	11	785.2
325	856419	z	1	2	52	2148	2	21	7	327.256
326	199048	t	1	2	56	2307	1	13	0	101.19
327	707380	i	1	3	81	3766	2	37	7	707.748
328	126959	w	1	2	54	2106	2	32	4	117.099
329	75266	b	0	2	54	2174	1	8	3	553.139
330	606085	r	0	1	19	688	9	169	32	179.477
331	463494	z	1	1	35	299	2	40	7	566.798
332	179080	s	0	3	63	2585	2	36	5	328.498
333	64563	p	1	1	11	820	2	39	5	900.492
334	571578	e	1	3	63	3450	1	13	1	655.611
335	861620	g	0	2	52	2130	1	5	2	404.989
336	656356	h	0	1	35	380	2	37	4	812.243
337	368157	b	1	3	77	3640	2	31	5	116.747
338	165536	p	1	2	52	2086	1	5	3	273.95
339	269863	t	0	3	69	2619	2	30	4	271.715
340	716751	l	1	3	94	3392	3	50	10	42.9802
341	368373	x	0	1	48	1502	3	49	8	271.54
342	766852	o	1	2	53	2468	3	44	10	466.028
343	532330	l	1	2	53	2107	3	58	11	229.059
344	788331	m	1	1	38	1990	3	47	11	109.551
345	225544	i	0	1	40	1651	2	23	7	507.966
346	385649	a	1	3	87	3066	3	46	10	795.356
347	546856	y	1	3	74	2897	2	27	4	722.755
348	351391	f	1	2	55	2337	2	29	5	441.425
349	30102	l	0	2	51	2137	6	116	22	765.402
350	110214	o	1	2	56	2214	3	52	10	579.799
351	682912	f	1	2	57	2298	5	86	16	57.6885
352	570351	u	0	2	57	2220	3	41	11	450.29
353	15990	h	0	2	58	2355	1	8	0	674.997
354	674640	w	1	3	82	3487	1	7	3	83.2552
355	269595	t	1	3	69	2575	3	51	11	988.583
356	117564	q	1	3	66	2700	1	18	3	156.352
357	810795	v	0	3	71	2768	2	26	7	321.122
358	97707	z	0	1	2	323	2	32	4	787.618
359	491891	n	1	1	7	644	2	23	4	810.207
360	156131	p	1	1	46	342	1	12	1	219.982
361	237540	y	0	2	51	2435	2	31	6	520.548
362	848323	w	0	1	3	1373	2	38	4	432.162
363	355086	q	0	2	60	2196	3	52	10	249.882
364	771676	j	1	2	54	2105	1	6	1	617.516
365	591234	s	0	2	59	2429	2	27	5	836.437
366	2206	s	1	2	57	2454	2	40	4	70.4057
367	309012	x	1	3	65	2904	2	26	6	128.165
368	63375	x	0	1	26	1898	1	8	3	593.217
369	191157	f	0	3	67	3027	4	68	15	496.117
370	231442	n	1	3	63	3144	2	37	4	198.452
371	387877	r	1	2	55	2197	3	59	8	447.836
372	783248	d	1	3	83	3717	1	15	0	103.692
373	756513	e	1	3	70	2547	1	19	1	899.107
374	297294	a	1	3	77	3183	3	41	8	815.569
375	262020	t	1	1	19	927	3	43	11	20.6318
376	758420	i	1	1	3	221	1	13	0	887.956
377	883143	t	1	2	58	2150	1	2	2	382.922
378	763409	z	1	3	74	3676	2	30	4	379.894
379	871066	d	1	3	85	2707	2	24	6	318.089
380	115822	i	1	2	60	2202	2	28	7	904.39
381	89379	y	1	2	58	2144	3	45	11	654.47
382	672654	r	1	1	39	927	1	19	3	648.47
383	840193	n	1	1	29	1433	2	23	5	674.817
384	643972	p	1	1	41	681	2	23	6	475.617
385	692112	p	0	1	42	13	1	11	2	134.211
386	683786	e	0	2	52	2144	3	52	8	512.941
387	993037	u	0	3	76	3120	2	28	5	304.948
388	253725	f	0	1	15	851	2	28	5	707.716
389	587096	k	1	3	64	3111	2	31	5	1.13655
390	101961	j	1	2	56	2314	2	27	7	775.595
391	423567	a	1	3	91	3695	2	23	5	52.2718
392	532607	n	0	1	39	1105	3	56	8	505.292
393	436752	r	0	2	54	2092	10	194	39	669.736
394	254785	w	1	1	6	1486	2	33	4	173.178
395	601269	k	0	1	26	243	2	38	6	444.403
396	86221	l	1	2	52	2394	3	49	9	695.354
397	818984	s	1	3	100	2928	2	38	6	100.945
398	585443	y	1	1	21	1904	2	23	7	196.165
399	937301	l	0	2	56	2211	1	4	2	115.338
400	484640	q	0	2	52	2094	1	18	1	399.191
401	203329	i	1	1	46	478	2	30	5	165.75
402	752499	b	1	1	23	915	3	53	11	462.55
403	74932	p	1	3	96	2815	3	50	11	732.415
404	706463	d	0	1	23	454	2	28	5	253.803
405	663844	l	1	3	78	3336	1	15	1	716.359
406	840643	a	1	3	93	3609	3	46	8	411.508
407	210146	x	1	3	65	3316	3	58	8	683.874
408	871433	j	0	2	53	2303	2	21	4	97.0101
409	448005	v	0	1	46	1283	3	55	9	756.656
410	116286	z	1	2	53	2133	2	39	4	771.386
411	683747	a	1	1	33	257	2	37	5	173.683
412	96401	a	1	3	88	3055	3	52	11	848.302
413	416233	w	1	3	64	3793	3	49	11	602.069
414	969959	p	0	3	95	2690	2	25	4	431.685
415	330898	g	0	2	55	2397	1	18	1	56.3037
416	295676	q	0	2	54	2157	1	11	2	875.602
417	241286	u	1	1	15	855	8	159	29	948.528
418	902405	j	1	1	30	464	1	10	0	99.4388
419	268539	j	1	1	38	356	1	6	2	987.824
420	363493	f	0	3	90	2669	7	139	26	441.726
421	87259	d	0	1	35	1823	3	43	11	339.279
422	264124	i	1	3	91	2908	1	19	3	961.574
423	177542	n	1	3	80	3455	2	29	7	682.91
424	671068	v	0	2	60	2111	9	162	34	973.814
425	885659	g	0	3	94	2610	2	35	7	196.575
426	838765	k	0	1	22	899	3	41	8	874.222
427	53617	t	0	1	39	941	1	7	2	354.764
428	520297	t	1	2	55	2314	3	52	11	458.124
429	687883	y	1	1	33	1238	3	41	9	139.846
430	399110	b	0	3	73	2831	3	54	10	910.97
431	664480	i	1	1	11	1879	3	49	8	210.249
432	663034	x	0	1	8	131	3	60	10	273.361
433	372386	a	1	1	37	571	2	29	4	725.336
434	717491	e	1	3	82	3670	4	63	15	210.463
435	245523	q	0	2	53	2379	2	33	7	207.706
436	914348	t	1	1	29	861	2	26	4	492.191
437	252355	m	0	2	51	2160	3	59	8	400.307
438	964396	x	1	1	38	1323	1	10	1	522.876
439	976076	g	0	3	84	2654	1	9	3	67.4821
440	170949	k	0	1	9	650	2	30	5	478.985
441	298801	l	0	1	12	1026	3	42	10	867.058
442	645888	n	1	1	18	642	1	4	0	117.941
443	228871	h	0	3	93	2960	3	59	8	855.496
444	321624	l	0	1	6	376	7	125	26	90.7593
445	391489	m	0	1	3	48	2	28	5	398.512
446	795300	i	0	1	4	1142	3	42	11	412.91
447	784266	s	0	2	57	2134	10	189	39	543.453
448	819123	d	0	2	52	2374	1	1	2	274.329
449	651108	v	0	1	3	1780	1	4	2	993.806
450	902637	m	1	2	59	2354	10	185	37	995.025
451	392620	o	1	2	59	2092	3	52	11	425.101
452	676633	u	0	3	65	3053	1	20	3	81.8815
453	181782	u	1	2	53	2397	1	12	1	141.479
454	838462	w	0	1	9	1948	1	4	2	355.146
455	933686	r	1	2	54	2352	3	48	9	963.939
456	916800	w	0	3	71	2815	2	28	7	612.961
457	38253	w	0	1	19	1499	2	29	4	854.302
458	261912	e	0	1	7	861	1	17	2	272.024
459	901189	m	0	2	60	2084	3	45	9	527.424
460	416569	z	1	3	86	2664	3	60	11	708.624
461	835884	n	1	2	54	2210	3	41	11	553.887
462	180713	y	1	2	55	2035	2	28	6	255.385
463	251397	b	1	1	25	900	2	34	7	989.819
464	894242	b	1	1	20	1047	1	8	1	256.592
465	542911	n	1	2	60	2171	1	14	0	542.747
466	949072	m	0	3	99	2562	1	12	1	861.071
467	21233	m	0	2	52	2190	1	12	0	110.06
468	779812	t	0	2	56	2265	3	47	11	451.387
469	457357	s	0	2	56	2434	1	10	1	762.017
470	221854	r	1	2	59	2290	4	74	15	249.627
471	481042	n	1	2	55	2326	3	53	8	800.56
472	14296	p	1	1	37	759	1	20	0	50.247
473	501401	n	1	1	16	1593	1	7	2	753.195
474	940754	b	0	2	55	2038	2	38	4	239.39
475	429200	k	1	2	58	2257	3	43	10	641.119
476	292071	m	0	1	3	884	2	22	5	435.954
477	75937	f	1	1	12	1158	3	51	9	890.447
478	738714	d	1	1	4	377	2	30	6	749.578
479	160365	i	1	1	9	964	2	31	4	936.145
480	794700	g	0	3	69	2878	1	5	0	939.8
481	213377	k	0	2	59	2141	3	41	10	56.8658
482	743309	q	1	3	80	3657	3	56	11	143.708
483	308136	l	1	1	36	269	2	37	4	822.917
484	766416	f	1	2	54	2207	2	28	5	130.285
485	700348	q	0	1	48	874	3	45	9	25.5455
486	342401	j	1	1	50	334	10	194	37	215.703
487	324351	z	0	1	43	1489	1	10	0	809.536
488	863150	c	1	3	90	2804	1	11	1	452.713
489	749847	j	0	1	9	544	3	51	11	182.343
490	636339	a	1	1	50	152	3	41	8	475.815
491	15940	e	1	1	48	195	3	53	8	468.345
492	482088	k	0	1	6	1682	1	20	1	143.846
493	616446	e	1	2	51	2479	3	44	10	145.646
494	869151	o	1	1	16	377	1	18	0	579.819
495	13655	p	0	1	21	1621	8	142	28	179.471
496	368146	z	1	2	60	2285	1	8	0	203.247
497	973270	v	0	3	90	3579	1	20	0	989.518
498	832936	h	1	3	75	3755	1	5	0	295.48
499	132900	q	0	3	76	3634	2	26	6	734.586
500	186877	r	0	2	57	2364	2	37	4	604.834
501	450477	s	0	1	39	1266	1	14	1	957.04
502	979533	i	0	1	8	1284	1	3	2	631.764
503	51000	c	0	2	53	2414	7	121	25	871.956
504	971694	t	0	1	19	704	3	56	10	796.436
505	703547	g	0	3	73	2502	3	48	10	290.379
506	394039	n	1	3	67	2921	1	16	3	288.249
507	606713	i	1	2	58	2184	3	45	9	470.697
508	997059	y	0	1	43	963	1	1	3	644.885
509	581094	x	1	2	54	2169	1	19	1	461.292
510	932348	a	0	1	9	1642	1	20	1	935.212
511	101718	g	1	1	13	1983	1	2	1	957.047
512	90715	u	0	3	86	2765	8	142	31	879.043
513	81513	l	1	2	58	2374	1	9	0	432.783
514	777447	u	0	1	1	1804	3	48	9	910.021
515	721265	c	0	1	5	1794	3	59	9	291.535
516	828448	f	1	3	86	3784	2	39	7	948.678
517	431528	q	1	3	79	3653	4	67	14	847.534
518	498888	p	0	1	5	1829	3	60	11	324.247
519	626083	j	1	1	48	510	2	29	5	987.083
520	904915	g	1	2	55	2058	1	4	2	992.079
521	868161	c	0	3	85	2508	3	52	9	52.956
522	30992	i	1	3	76	2657	1	13	0	287.614
523	936468	v	1	1	17	1525	1	15	1	282.465
524	386169	u	1	2	59	2300	2	31	4	876.677
525	310612	c	0	1	49	1846	3	56	11	539.353
526	911362	b	0	2	55	2398	1	18	2	786.366
527	449218	b	0	3	89	2750	1	1	1	302.513
528	338907	p	0	2	52	2044	3	51	11	231.23
529	290361	w	1	1	25	522	3	57	11	82.3612
530	244915	v	1	3	92	3900	10	187	39	366.908
531	620800	y	1	1	7	1315	1	6	1	704.034
532	693843	k	0	2	56	2066	1	14	2	976.246
533	773054	m	0	1	5	355	2	36	4	509.154
534	344221	m	1	2	57	2263	3	55	8	577.797
535	39808	x	1	2	57	2404	1	1	0	791.608
536	558874	h	1	3	97	3451	3	60	9	659.66
537	902391	p	1	1	48	699	2	22	5	483.326
538	265106	b	1	3	86	3678	1	4	1	854.148
539	670609	g	1	3	78	2894	3	48	9	388.871
540	746834	t	0	3	93	3943	1	7	3	129.424
541	227912	k	1	2	57	2259	3	42	11	203.994
542	519230	h	1	3	74	3094	2	26	5	285.349
543	852730	x	0	1	17	1691	2	35	6	875.385
544	596937	z	0	3	69	2624	3	52	11	201.533
545	160022	u	1	3	68	3005	2	37	6	11.5383
546	924533	y	1	2	52	2397	2	39	5	587.521
547	468776	n	1	3	69	3768	3	48	11	489.703
548	430179	o	0	3	63	3595	3	45	9	368.238
549	970806	m	1	2	51	2097	3	46	8	182.452
550	465095	z	1	1	29	787	1	13	2	426.038
551	412378	w	1	2	52	2012	2	29	5	226.617
552	759796	y	0	2	56	2091	3	53	8	545.287
553	643623	i	0	1	20	272	3	52	9	371.48
554	457394	z	0	3	63	3112	2	37	4	87.3316
555	782422	z	0	2	55	2441	3	57	8	3.63168
556	37620	x	0	2	58	2063	1	12	1	854.656
557	197282	f	0	3	88	3876	2	39	4	605.14
558	590218	p	0	1	10	1458	3	48	10	410.356
559	847364	f	0	1	27	1766	3	54	11	332.829
560	857632	o	1	2	59	2011	3	48	11	460.331
561	777814	f	1	1	40	1322	3	49	10	373.614
562	327538	r	1	2	53	2174	10	183	39	825.109
563	611061	y	0	3	62	2584	2	30	7	154.001
564	290166	d	1	1	17	460	1	9	0	37.1191
565	861057	n	1	1	5	1616	3	45	9	145.034
566	586335	s	0	2	55	2361	1	5	1	494.015
567	906107	w	1	3	96	3516	1	14	2	302.547
568	905857	j	1	3	76	3566	1	4	3	319.305
569	564356	e	0	3	72	2909	8	150	31	200.889
570	346390	t	1	2	60	2091	2	38	5	314.76
571	172082	m	0	2	57	2137	1	8	0	202.68
572	437755	j	1	1	10	1137	1	16	3	54.8832
573	421258	t	1	2	57	2063	2	39	4	849.605
574	318883	q	1	3	62	3536	3	51	8	34.5548
575	762462	o	1	2	51	2364	10	183	39	179.18
576	471922	o	1	1	31	778	1	11	0	719.389
577	772580	w	0	1	41	200	3	60	8	84.6732
578	102400	q	1	1	14	63	1	13	1	252.452
579	959421	a	1	2	52	2228	1	7	2	670.148
580	177812	w	0	2	58	2002	3	55	8	10.9906
581	718469	v	1	3	78	3594	3	50	8	550.341
582	577049	b	1	1	47	1728	2	22	6	767.816
583	688256	g	1	3	65	3599	3	44	9	286.28
584	501751	a	1	2	58	2107	2	34	7	688.141
585	588430	b	1	2	51	2431	5	86	16	926.507
586	803100	l	0	3	62	3402	3	43	11	134.895
587	183118	t	0	3	71	3001	2	32	5	393.104
588	896506	e	1	3	96	2628	3	48	9	5.58701
589	900912	u	0	1	19	80	3	49	11	255.277
590	445259	w	1	3	85	3887	6	120	21	302.066
591	818807	c	1	3	90	3147	3	57	9	672.386
592	799670	f	0	1	49	1651	3	58	9	582.123
593	749095	w	0	1	47	919	3	44	11	463.996
594	375370	l	1	3	74	2832	3	48	9	831.51
595	180953	g	1	2	59	2333	1	17	2	658.133
596	235320	z	0	1	12	1807	1	10	0	245.436
597	41347	n	1	2	59	2316	3	50	10	525.145
598	115758	z	1	2	59	2070	1	20	0	659.382
599	233031	t	0	3	96	2708	4	71	13	942.443
600	639136	p	0	2	55	2293	2	26	5	505.242
601	606014	r	0	2	52	2272	6	119	20	757.604
602	43268	o	0	2	54	2094	3	50	8	137.034
603	135024	i	1	3	71	3609	2	40	7	867.565
604	171348	e	1	1	1	73	8	150	30	456.811
605	629433	h	1	3	97	3954	2	36	5	775.881
606	230750	p	1	3	95	3818	1	10	0	535.053
607	630162	u	1	1	23	1545	1	5	0	946
608	429357	v	0	2	56	2061	3	54	10	267.371
609	708176	k	0	1	48	1447	1	18	0	779.559
610	48932	u	0	1	6	1797	1	13	3	985.685
611	407141	x	0	1	7	676	2	39	4	61.6995
612	983237	j	0	3	68	2636	3	54	11	921.664
613	403569	d	0	2	57	2024	2	24	7	164.713
614	329819	o	1	2	52	2123	2	26	6	937.558
615	541626	h	1	1	11	1189	1	3	3	818.521
616	886938	r	0	1	10	404	1	1	0	110.789
617	36728	z	1	3	61	3410	3	56	9	669.184
618	978425	f	0	3	64	3983	1	13	1	724.406
619	93882	q	1	3	62	3060	1	9	2	345.54
620	485276	c	0	3	98	3872	9	178	34	519.477
621	848229	y	1	2	53	2052	1	5	2	134.694
622	805507	o	1	1	50	1111	1	7	3	849.388
623	671928	s	0	2	56	2216	3	42	9	34.8256
624	313887	t	1	2	59	2221	1	19	3	832.814
625	105086	i	1	2	53	2269	2	29	5	822.618
626	741026	z	0	2	52	2266	3	51	9	474.872
627	181371	v	1	1	35	1292	2	23	5	956.412
628	423342	v	1	3	91	3894	2	36	4	723.104
629	215886	g	1	2	54	2133	3	55	8	195.676
630	724317	u	1	2	52	2436	2	25	6	325.031
631	788025	q	0	3	82	3001	2	29	5	221.981
632	839219	y	1	3	69	3561	1	11	0	457.13
633	983304	b	0	3	95	3683	3	45	9	426.829
634	715422	d	1	1	48	1433	1	14	1	39.7366
635	853055	j	0	1	7	1475	3	56	9	109.039
636	613399	a	0	1	9	1836	1	15	2	510.58
637	316077	d	1	2	55	2378	1	5	2	530.348
638	563077	d	1	2	55	2156	2	25	7	891.438
639	399200	j	0	2	53	2202	1	12	3	402.82
640	193348	k	1	1	17	1310	1	4	1	218.212
641	490144	b	1	2	60	2369	1	15	0	533.201
642	515452	u	1	2	57	2079	3	54	9	501.576
643	982536	s	0	3	66	3684	5	92	19	596.836
644	30972	f	0	2	58	2251	9	166	34	922.52
645	797217	r	0	3	83	3555	1	4	3	432.881
646	437576	v	1	3	84	3287	2	24	6	967.108
647	181943	l	1	2	54	2451	1	18	1	866.957
648	953350	f	1	1	29	1977	10	184	38	497.572
649	686091	o	1	1	8	1626	1	3	1	486.368
650	387302	k	1	1	11	88	4	62	12	911.614
651	498366	t	1	1	13	1524	1	6	2	892.242
652	918861	j	1	3	61	3174	3	49	9	645.913
653	857108	p	0	3	86	2881	2	28	6	841.414
654	636721	c	0	1	49	1709	1	1	0	225.575
655	234082	w	1	3	75	3057	1	20	3	788.321
656	305467	k	1	2	59	2009	6	119	22	479.528
657	435015	e	1	2	60	2183	10	193	36	770.142
658	781573	y	1	2	55	2364	3	55	9	272.857
659	908472	k	1	3	90	3198	3	55	9	811.399
660	177267	h	1	2	59	2340	3	57	11	937.434
661	446100	m	1	3	90	3752	8	155	31	926.247
662	438686	v	1	1	37	1832	1	17	3	968.009
663	332095	z	0	2	52	2187	3	54	11	485.14
664	755419	v	1	1	35	1236	2	25	4	564.642
665	938185	y	1	1	32	1165	2	27	7	318.854
666	975510	q	1	1	1	557	2	33	5	299.647
667	173450	m	1	3	94	3788	3	47	11	672.308
668	479463	j	0	3	63	2886	2	25	7	41.5859
669	934150	z	0	1	33	1846	1	12	2	47.4754
670	918797	p	1	2	60	2094	3	56	10	93.7045
671	891020	s	1	1	20	1635	1	4	1	773.784
672	986825	g	1	3	81	3610	3	58	9	314.651
673	336751	s	1	1	26	60	2	31	4	110.424
674	899571	t	1	3	65	3543	2	30	6	149.132
675	455332	k	1	3	76	2749	3	60	10	448.065
676	622208	v	0	3	77	3693	2	35	7	924.238
677	661555	e	0	1	1	902	3	41	11	86.086
678	847542	w	1	3	93	3177	1	15	1	21.1932
679	194509	a	1	1	16	1207	5	92	18	484.041
680	284429	k	1	2	54	2350	3	53	11	665.011
681	835608	h	0	3	100	3618	8	158	30	154.613
682	579650	d	0	3	64	2877	1	9	2	481.27
683	712374	k	1	3	68	2870	2	24	6	971.544
684	746674	m	1	3	61	3284	1	12	3	792.343
685	908369	q	1	2	55	2390	1	14	1	359.723
686	869533	h	0	3	96	2942	3	47	8	122.543
687	578726	v	0	1	8	1238	3	43	11	333.603
688	859947	i	1	2	51	2104	2	25	7	698.923
689	803745	h	1	2	52	2244	3	57	8	524.389
690	398745	z	1	1	3	1782	2	29	4	715.618
691	391832	w	0	3	79	2504	2	36	7	458.595
692	601641	q	1	3	91	3556	3	59	11	816.663
693	660797	h	1	3	96	2569	2	37	5	508.912
694	287328	z	1	3	77	3106	9	162	34	298.872
695	135917	a	1	3	65	3033	2	32	4	315.684
696	694183	a	0	3	67	3669	3	45	8	100.742
697	176057	z	0	2	51	2100	1	13	1	799.292
698	694288	z	1	3	68	2779	3	53	11	765.092
699	904559	t	1	2	52	2129	1	10	1	142.914
700	960584	s	0	1	2	440	1	18	3	411.299
701	696842	y	1	1	36	903	2	29	7	434.729
702	487835	g	1	3	61	2517	9	165	33	215.535
703	489155	i	0	2	56	2076	3	52	11	91.6662
704	633554	n	1	2	57	2476	2	35	5	50.0652
705	445768	p	1	2	51	2500	3	51	8	475.218
706	991644	n	1	2	55	2145	3	46	11	158.28
707	215164	v	0	3	82	3646	10	198	38	199.711
708	550865	x	1	3	63	3414	2	25	6	989.42
709	177910	n	1	3	66	3963	3	42	10	658.161
710	715578	u	0	3	99	2673	1	7	1	740.302
711	262830	x	1	3	79	2730	3	58	10	232.208
712	725095	b	0	3	100	3397	2	21	6	519.019
713	160473	f	0	2	59	2452	2	38	5	584.633
714	933312	u	0	2	53	2442	1	10	3	454.739
715	791563	w	1	3	66	2635	2	34	7	226.999
716	175626	c	0	2	57	2286	6	105	22	675.286
717	525189	d	1	2	57	2497	1	7	1	699.372
718	352161	a	0	2	52	2170	2	33	5	802.13
719	399953	e	0	2	51	2391	8	145	31	51.0711
720	351907	o	0	3	90	3857	1	17	0	269.078
721	387836	s	1	2	57	2346	1	11	2	484.498
722	960375	n	1	1	40	980	1	12	0	763.492
723	3168	l	1	2	51	2051	1	2	0	684.326
724	473678	l	0	1	32	916	3	42	9	192.49
725	176502	m	1	1	29	1621	2	30	4	833.019
726	544893	o	0	1	21	766	2	33	5	370.777
727	656614	d	1	2	54	2356	3	41	9	640.895
728	529435	i	0	3	90	3621	3	47	8	740.53
729	83155	d	1	1	41	1591	10	191	39	548.968
730	511690	z	0	3	80	3702	3	56	8	554.631
731	676615	w	1	1	26	565	1	13	0	255.453
732	391903	n	1	2	56	2249	3	58	11	46.7732
733	117986	q	0	2	52	2307	2	25	4	908.497
734	104025	a	0	1	25	1128	4	74	15	243.313
735	362416	k	0	2	53	2151	2	25	5	204.201
736	9876	e	1	3	76	3403	3	48	8	598.56
737	997813	f	1	2	59	2479	2	25	5	248.583
738	933891	c	1	3	99	2670	3	53	8	919.752
739	263950	t	0	2	59	2207	1	5	1	77.4073
740	984938	y	1	2	56	2248	1	1	0	874.967
741	571151	d	0	2	54	2444	1	19	3	845.996
742	660545	n	0	1	15	1531	3	42	11	267.022
743	842860	b	0	1	11	281	3	46	11	882.554
744	86999	j	1	3	75	3524	2	28	7	407.621
745	893303	s	1	1	14	209	2	29	7	794.505
746	243243	q	1	2	54	2258	3	59	10	161.662
747	51534	z	1	3	62	2598	1	2	3	364.976
748	148435	r	1	1	9	1509	1	15	2	213.564
749	374636	s	0	2	51	2324	7	124	27	49.0848
750	968889	i	0	3	84	3351	3	52	9	717.315
751	917398	d	1	3	83	3824	2	26	7	995.106
752	740680	c	1	1	42	55	2	27	4	537.655
753	375473	c	0	2	57	2055	1	20	3	389.925
754	470939	m	1	2	52	2084	3	51	10	416.61
755	960231	w	0	2	54	2004	1	18	3	479.824
756	393575	v	1	3	95	3334	2	33	6	82.9164
757	576310	v	1	1	11	818	1	2	1	576.124
758	914796	z	0	2	56	2129	3	57	10	837.512
759	56161	c	0	3	61	3049	2	32	5	924.384
760	119888	j	1	1	1	1004	2	31	7	536.937
761	301600	q	0	1	30	99	2	37	6	769.578
762	296460	k	0	2	60	2338	7	128	27	760.472
763	250173	x	0	2	53	2012	2	40	6	829.534
764	972925	g	1	2	59	2018	2	27	5	904.831
765	487834	i	1	2	55	2331	2	28	4	281.632
766	390555	t	1	3	74	3653	2	25	7	219.81
767	351512	y	0	1	23	273	3	49	9	972.319
768	772734	e	0	2	57	2017	3	43	11	889.182
769	479603	f	1	2	60	2359	2	28	7	309.847
770	593187	c	1	2	60	2270	2	33	5	425.315
771	272897	l	0	1	43	858	2	28	6	75.7237
772	687401	v	0	3	69	2816	1	20	0	550.672
773	148641	a	1	1	47	1818	3	58	11	640.437
774	817221	c	1	2	55	2150	6	111	20	275.169
775	766967	c	1	1	48	1618	2	33	6	272.326
776	987656	x	0	2	58	2404	3	58	10	526.197
777	785759	t	1	3	65	3522	1	3	0	414.578
778	815488	f	0	1	1	1619	1	3	2	137.885
779	432940	e	1	1	21	175	7	123	26	972.231
780	281693	p	1	3	82	2534	3	45	11	872.112
781	581310	o	0	1	37	1768	2	36	6	860.966
782	252764	k	0	2	55	2352	2	26	5	99.2146
783	499876	z	0	2	53	2443	3	57	8	578.87
784	74111	n	0	1	8	919	3	60	11	631.725
785	396034	f	1	1	29	1579	1	18	0	227.574
786	833335	g	1	1	17	664	3	52	10	970.105
787	554803	r	1	1	7	1826	2	38	7	753.101
788	374698	p	1	2	57	2172	1	1	3	190.912
789	663494	a	0	2	52	2252	2	35	4	509.392
790	348582	c	0	3	63	3990	2	38	4	198.005
791	877756	p	0	2	53	2456	2	36	7	622.435
792	257706	p	0	2	53	2372	3	52	9	827.307
793	555312	v	1	2	53	2196	9	171	34	14.2031
794	710923	y	1	2	52	2259	2	32	5	749.85
795	723709	c	0	3	75	3508	1	5	2	127.06
796	501528	v	1	3	70	2700	1	17	1	843.756
797	12962	l	1	1	45	449	3	51	10	360.34
798	240905	q	0	1	49	572	1	7	0	258.464
799	12280	a	0	2	57	2156	1	13	3	530.444
800	176037	r	0	1	3	533	3	51	8	554.441
801	492856	j	0	2	54	2453	2	23	4	120.077
802	130282	p	1	2	54	2494	3	46	11	691.393
803	241062	e	1	3	73	3271	2	33	7	275.867
804	500502	o	0	3	65	2814	2	33	7	837.401
805	190793	q	0	1	7	1515	1	6	0	480.794
806	700731	a	1	1	38	1278	1	15	0	90.678
807	24504	d	0	2	58	2369	1	4	2	198.536
808	788437	c	0	3	71	2525	2	30	7	480.336
809	14024	p	1	2	58	2390	1	7	3	789.465
810	541587	w	1	1	9	87	1	7	0	760.746
811	851194	f	1	3	69	2924	2	35	4	632.05
812	858754	e	0	1	12	1786	3	60	9	587.319
813	64900	i	1	3	99	2860	4	77	14	116.628
814	172629	l	1	3	73	3105	3	43	11	74.9272
815	300850	k	0	1	38	444	1	5	0	564.353
816	88215	g	1	2	60	2226	3	52	10	870.011
817	272097	s	1	3	63	2782	3	42	9	432.426
818	785023	e	1	3	84	2804	1	7	3	665.693
819	302092	w	0	1	3	1640	1	14	0	128.692
820	924899	x	0	2	52	2386	1	3	1	645.039
821	170926	e	1	3	97	3011	2	35	7	622.181
822	988312	i	1	2	53	2221	3	48	10	766.871
823	803012	g	1	3	68	3280	1	2	0	637.845
824	267053	t	1	1	13	985	2	33	7	463.912
825	966185	c	1	1	20	612	1	15	3	767.438
826	330888	w	1	3	90	3950	2	35	5	312.214
827	380703	u	1	2	59	2108	1	10	3	671.763
828	313892	h	1	1	45	177	3	45	9	105.449
829	282172	o	0	2	60	2306	3	43	8	167.326
830	249306	z	0	1	5	1037	2	23	7	971.882
831	421942	v	0	2	56	2060	1	6	2	541.756
832	289354	t	1	1	50	570	1	20	3	807.733
833	571454	f	1	3	71	2675	1	14	2	378.533
834	997993	w	0	3	89	3526	2	39	6	574.663
835	366723	s	0	1	41	316	2	39	6	120.497
836	192438	c	1	2	51	2343	2	32	6	564.817
837	874694	p	1	3	86	3403	2	23	6	636.261
838	639498	q	1	3	68	3249	10	181	38	975.06
839	833469	b	1	3	83	2837	3	46	11	291.678
840	227308	n	1	3	66	2555	8	155	28	668.213
841	653299	h	0	2	60	2088	1	18	1	661.756
842	124919	u	1	2	58	2427	2	34	7	253.351
843	63836	h	1	2	55	2164	3	57	8	943.047
844	793740	s	0	2	55	2033	2	36	7	452.025
845	182528	v	1	2	60	2064	3	45	10	624.993
846	250324	x	0	3	63	3848	1	4	1	116.658
847	668093	h	0	2	53	2027	1	20	0	678.09
848	666870	o	1	3	70	3928	3	52	11	145.884
849	872800	s	1	3	68	3597	1	5	1	142.973
850	952913	n	0	3	68	3568	2	24	7	927.654
851	75753	o	0	2	53	2364	1	10	0	562.551
852	786995	h	1	3	62	3837	3	52	9	274.576
853	798215	b	0	3	83	3931	2	23	5	477.743
854	434976	y	0	3	85	2519	2	29	4	961.422
855	618139	v	1	2	54	2474	2	21	5	608.001
856	671181	g	1	3	93	2612	3	52	11	24.7736
857	369834	y	0	2	58	2122	3	44	9	744.808
858	989816	a	0	1	37	616	2	28	4	726.106
859	656131	y	1	2	53	2258	2	35	5	787.654
860	98552	l	0	2	56	2472	2	27	7	530.036
861	319668	b	1	1	50	1763	2	26	7	496.023
862	662850	m	0	2	58	2377	2	22	7	309.476
863	367499	e	1	2	55	2382	3	41	9	659.224
864	574304	e	0	3	77	3457	1	14	3	679.991
865	614383	k	0	3	91	2522	1	3	2	261.366
866	775687	z	1	1	23	919	3	50	9	496.002
867	312659	n	1	1	3	849	1	5	3	475.847
868	567041	w	1	2	53	2164	1	12	2	803.306
869	164377	h	1	2	57	2105	3	42	11	906.843
870	308823	f	0	1	39	348	6	111	22	182.544
871	20751	d	0	2	53	2065	2	26	7	267.657
872	503823	c	1	2	58	2030	3	53	9	525.011
873	864425	c	0	1	50	681	2	35	7	900.936
874	25420	m	1	3	65	3372	2	21	7	104.398
875	623723	k	0	1	3	507	3	60	11	18.8443
876	715915	o	0	3	96	3527	2	38	5	435.583
877	837436	w	1	1	28	731	1	13	1	32.0847
878	247220	w	0	1	6	556	2	24	4	933.103
879	662807	q	0	1	28	1407	2	25	6	797.836
880	226546	j	1	1	39	967	3	52	9	735.962
881	306159	l	1	3	96	3129	3	50	11	852.073
882	791432	r	1	3	89	3575	3	46	9	530.884
883	567745	b	1	3	79	3846	1	9	3	476.327
884	631966	a	1	3	93	3413	3	56	10	73.408
885	768690	r	1	2	59	2098	2	38	5	562.603
886	673268	p	1	1	34	535	1	12	0	767.498
887	340474	y	0	3	87	2895	10	199	36	826.405
888	381696	h	1	1	13	962	2	31	6	186.718
889	169625	k	1	2	58	2424	3	50	9	289.751
890	848664	g	1	1	4	339	3	52	11	125.172
891	771470	q	1	2	57	2426	3	52	11	170.388
892	715299	w	1	1	3	431	2	24	6	218.881
893	728959	d	1	3	95	2934	3	48	10	290.937
894	785267	e	1	2	57	2350	3	49	10	224.655
895	774091	l	1	1	44	1051	1	13	3	613.08
896	39651	e	1	2	53	2044	5	83	16	195.117
897	330678	a	0	1	31	25	1	9	2	503.213
898	502007	r	0	2	60	2014	1	13	3	492.188
899	210946	r	1	3	68	3711	3	41	11	940.195
900	854904	o	1	1	45	35	2	35	6	860.597
901	57785	f	1	1	27	245	2	31	7	68.0469
902	663435	d	1	3	83	3457	3	47	11	472.078
903	216057	v	1	1	3	1864	10	183	38	814.311
904	122019	j	0	3	79	2997	10	194	37	672.084
905	709360	r	1	3	80	3514	2	38	6	649.139
906	80386	u	1	1	12	1611	1	5	1	938.502
907	410153	h	1	2	52	2055	2	25	4	962.93
908	961198	o	1	2	55	2242	3	54	11	559.999
909	908932	y	1	3	72	3463	1	11	0	85.1434
910	5342	c	1	2	52	2258	3	48	8	183.687
911	221237	c	1	3	94	2852	2	37	6	892.118
912	835044	t	1	2	56	2126	1	13	2	54.2112
913	127964	c	1	3	66	3099	3	55	11	694.621
914	491106	i	1	3	99	3859	1	4	3	22.6603
915	851039	p	1	1	7	78	3	44	8	175.208
916	719942	b	0	3	67	3948	9	167	35	324.305
917	601436	v	0	3	82	3737	2	26	4	154.547
918	467820	u	0	3	64	3208	3	52	9	139.087
919	640242	f	0	2	54	2489	3	52	11	229.598
920	854170	y	1	1	44	1934	1	11	1	254.115
921	910548	e	1	2	52	2084	6	110	22	617.483
922	31367	x	0	2	59	2197	1	2	1	645.433
923	797591	o	1	2	53	2137	2	26	4	444.103
924	32343	u	0	1	36	1785	10	191	38	757.8
925	352445	w	1	3	66	3078	2	36	7	726.068
926	17437	a	0	3	66	3541	2	40	5	369.802
927	261012	k	0	1	35	340	3	42	8	668.717
928	124264	w	1	1	50	556	2	26	7	733.992
929	200515	r	0	3	83	2822	4	79	13	751.236
930	18122	b	1	2	54	2007	1	18	0	997.231
931	468471	b	1	2	56	2159	3	55	8	146.349
932	684824	h	1	1	44	1130	8	152	30	746.836
933	71095	h	0	2	59	2483	2	25	6	643.351
934	798420	u	1	2	52	2323	1	17	0	874.636
935	999402	p	1	1	35	928	3	52	8	279.518
936	861538	g	0	2	59	2302	1	13	2	941.288
937	227924	g	0	3	63	2508	3	46	10	274.557
938	481357	o	0	3	98	2759	1	13	1	501.158
939	969867	j	1	1	9	1141	1	15	0	786.594
940	280977	q	1	3	78	3563	9	170	33	205.594
941	422038	f	1	1	40	368	2	31	6	923.351
942	753512	r	0	1	21	966	3	59	9	192.639
943	682239	p	0	1	27	195	2	38	7	718.74
944	871035	d	0	1	1	750	2	27	4	982.595
945	471112	d	1	3	70	3085	2	33	4	28.7564
946	308449	n	1	2	52	2094	2	26	6	761.381
947	535002	d	1	3	96	3016	2	34	5	643.07
948	78744	e	0	2	60	2373	1	17	2	193.124
949	838576	h	1	2	58	2411	1	5	0	201.867
950	779614	z	0	3	86	2888	3	42	11	355.689
951	71739	d	1	1	19	23	1	10	2	519.853
952	175473	p	0	1	49	192	2	36	4	475.803
953	827058	w	1	1	8	1473	3	59	8	589.995
954	42950	v	1	3	95	2585	1	4	3	973.286
955	9938	f	1	1	35	116	2	30	7	611.839
956	186228	c	1	2	58	2292	2	34	5	496.339
957	977190	m	1	2	57	2305	1	12	2	826.607
958	783176	w	0	3	80	2627	2	27	4	543.766
959	75540	t	1	1	6	171	3	46	11	129.337
960	767911	i	0	2	55	2451	3	51	11	178.949
961	590176	t	0	2	52	2178	3	44	10	932.782
962	261680	f	0	1	38	1618	1	16	1	471.182
963	156330	k	1	2	59	2158	10	199	39	637.848
964	302952	u	1	1	3	1716	2	32	7	900.226
965	90215	c	0	3	85	2562	9	161	34	372.782
966	339053	f	1	2	52	2495	1	5	1	673.471
967	22353	e	1	1	11	1652	1	3	3	480.245
968	481260	b	0	3	77	3248	1	8	1	924.567
969	193718	d	1	2	60	2190	2	34	6	975.897
970	893040	g	1	2	59	2195	1	6	1	258.89
971	165386	n	0	1	27	1066	2	21	7	470.012
972	487310	i	1	1	33	1	2	30	5	688.477
973	236361	e	1	2	58	2317	3	55	8	793.634
974	611329	e	1	3	94	3796	2	32	4	102.969
975	606529	r	0	1	50	1188	2	37	4	390.347
976	565112	m	0	3	74	3441	7	121	25	118.671
977	500861	x	1	1	18	197	10	198	36	291.811
978	467693	n	0	2	57	2256	1	5	0	791.298
979	341504	c	1	1	49	1364	1	12	0	987.51
980	77454	s	1	1	15	25	2	24	4	774.107
981	415093	x	1	2	60	2493	3	53	10	156.268
982	392171	l	0	3	93	2797	5	99	16	17.418
983	744137	q	1	2	55	2323	1	4	1	829.961
984	149189	u	0	2	53	2079	1	10	1	600.677
985	581755	c	1	3	70	3668	2	22	7	201.849
986	475058	t	0	3	82	3521	3	55	11	716.337
987	471896	l	0	3	99	2888	2	38	5	421.023
988	126263	u	0	1	12	379	3	44	8	345.011
989	602260	p	0	1	13	1659	1	20	3	800.962
990	771756	a	0	3	88	3337	1	14	2	459.846
991	632152	u	1	2	53	2299	1	2	0	811.597
992	515793	t	0	3	81	3963	2	38	4	624.827
993	461303	g	1	1	4	329	1	12	0	86.8746
994	100754	p	0	1	26	64	1	13	1	644.644
995	530040	v	1	3	81	3339	1	15	2	463.267
996	121006	h	1	1	29	1051	3	46	8	323.596
997	681563	y	0	2	58	2113	3	44	9	486.313
998	463720	q	1	1	45	1778	2	39	4	737.657
999	801704	q	1	2	53	2186	2	37	4	906.635
1000	816502	m	1	3	89	2667	3	43	10	845.053
